0.00000e+00	0.00000e+00	4.06250e-01
0.00000e+00	2.50000e-01	3.12500e+00
0.00000e+00	7.50000e-01	5.95908e+00
0.00000e+00	1.25000e+00	8.43997e+00
0.00000e+00	1.75000e+00	1.05817e+01
0.00000e+00	2.25000e+00	1.23930e+01
0.00000e+00	2.75000e+00	1.38744e+01
0.00000e+00	3.25000e+00	1.50265e+01
0.00000e+00	3.75000e+00	1.58490e+01
0.00000e+00	4.25000e+00	1.63421e+01
0.00000e+00	4.75000e+00	1.65058e+01
0.00000e+00	5.25000e+00	1.63397e+01
0.00000e+00	5.75000e+00	1.58433e+01
0.00000e+00	6.25000e+00	1.50161e+01
0.00000e+00	6.75000e+00	1.38577e+01
0.00000e+00	7.25000e+00	1.23678e+01
0.00000e+00	7.75000e+00	1.05462e+01
0.00000e+00	8.25000e+00	8.39120e+00
0.00000e+00	8.75000e+00	5.90243e+00
0.00000e+00	9.25000e+00	3.07988e+00
0.00000e+00	9.75000e+00	3.78152e-01

2.50000e-01	0.00000e+00	4.06250e-01
2.50000e-01	2.50000e-01	3.12500e+00
2.50000e-01	7.50000e-01	5.93520e+00
2.50000e-01	1.25000e+00	8.33033e+00
2.50000e-01	1.75000e+00	1.03555e+01
2.50000e-01	2.25000e+00	1.20616e+01
2.50000e-01	2.75000e+00	1.34537e+01
2.50000e-01	3.25000e+00	1.45329e+01
2.50000e-01	3.75000e+00	1.53015e+01
2.50000e-01	4.25000e+00	1.57608e+01
2.50000e-01	4.75000e+00	1.59102e+01
2.50000e-01	5.25000e+00	1.57476e+01
2.50000e-01	5.75000e+00	1.52699e+01
2.50000e-01	6.25000e+00	1.44740e+01
2.50000e-01	6.75000e+00	1.33571e+01
2.50000e-01	7.25000e+00	1.19172e+01
2.50000e-01	7.75000e+00	1.01528e+01
2.50000e-01	8.25000e+00	8.05978e+00
2.50000e-01	8.75000e+00	5.63106e+00
2.50000e-01	9.25000e+00	2.86767e+00
2.50000e-01	9.75000e+00	2.55328e-01

7.50000e-01	0.00000e+00	4.06997e-01
7.50000e-01	2.50000e-01	3.08827e+00
7.50000e-01	7.50000e-01	5.79463e+00
7.50000e-01	1.25000e+00	8.12440e+00
7.50000e-01	1.75000e+00	1.00775e+01
7.50000e-01	2.25000e+00	1.17231e+01
7.50000e-01	2.75000e+00	1.30612e+01
7.50000e-01	3.25000e+00	1.40968e+01
7.50000e-01	3.75000e+00	1.48380e+01
7.50000e-01	4.25000e+00	1.52867e+01
7.50000e-01	4.75000e+00	1.54405e+01
7.50000e-01	5.25000e+00	1.52948e+01
7.50000e-01	5.75000e+00	1.48439e+01
7.50000e-01	6.25000e+00	1.40826e+01
7.50000e-01	6.75000e+00	1.30068e+01
7.50000e-01	7.25000e+00	1.16099e+01
7.50000e-01	7.75000e+00	9.88904e+00
7.50000e-01	8.25000e+00	7.84624e+00
7.50000e-01	8.75000e+00	5.48618e+00
7.50000e-01	9.25000e+00	2.81058e+00
7.50000e-01	9.75000e+00	2.06599e-01

1.25000e+00	0.00000e+00	3.94682e-01
1.25000e+00	2.50000e-01	2.99700e+00
1.25000e+00	7.50000e-01	5.58539e+00
1.25000e+00	1.25000e+00	7.83712e+00
1.25000e+00	1.75000e+00	9.72555e+00
1.25000e+00	2.25000e+00	1.13170e+01
1.25000e+00	2.75000e+00	1.26068e+01
1.25000e+00	3.25000e+00	1.36118e+01
1.25000e+00	3.75000e+00	1.43423e+01
1.25000e+00	4.25000e+00	1.47985e+01
1.25000e+00	4.75000e+00	1.49745e+01
1.25000e+00	5.25000e+00	1.48615e+01
1.25000e+00	5.75000e+00	1.44507e+01
1.25000e+00	6.25000e+00	1.37345e+01
1.25000e+00	6.75000e+00	1.27074e+01
1.25000e+00	7.25000e+00	1.13621e+01
1.25000e+00	7.75000e+00	9.68970e+00
1.25000e+00	8.25000e+00	7.69435e+00
1.25000e+00	8.75000e+00	5.41819e+00
1.25000e+00	9.25000e+00	2.84274e+00
1.25000e+00	9.75000e+00	1.80390e-01

1.75000e+00	0.00000e+00	3.69180e-01
1.75000e+00	2.50000e-01	2.84830e+00
1.75000e+00	7.50000e-01	5.31138e+00
1.75000e+00	1.25000e+00	7.48249e+00
1.75000e+00	1.75000e+00	9.30864e+00
1.75000e+00	2.25000e+00	1.08382e+01
1.75000e+00	2.75000e+00	1.20830e+01
1.75000e+00	3.25000e+00	1.30689e+01
1.75000e+00	3.75000e+00	1.38066e+01
1.75000e+00	4.25000e+00	1.42918e+01
1.75000e+00	4.75000e+00	1.45111e+01
1.75000e+00	5.25000e+00	1.44495e+01
1.75000e+00	5.75000e+00	1.40936e+01
1.75000e+00	6.25000e+00	1.34337e+01
1.75000e+00	6.75000e+00	1.24635e+01
1.75000e+00	7.25000e+00	1.11762e+01
1.75000e+00	7.75000e+00	9.56096e+00
1.75000e+00	8.25000e+00	7.61379e+00
1.75000e+00	8.75000e+00	5.41867e+00
1.75000e+00	9.25000e+00	2.95776e+00
1.75000e+00	9.75000e+00	1.80651e-01

2.25000e+00	0.00000e+00	3.31405e-01
2.25000e+00	2.50000e-01	2.64449e+00
2.25000e+00	7.50000e-01	4.98944e+00
2.25000e+00	1.25000e+00	7.07408e+00
2.25000e+00	1.75000e+00	8.82628e+00
2.25000e+00	2.25000e+00	1.02788e+01
2.25000e+00	2.75000e+00	1.14746e+01
2.25000e+00	3.25000e+00	1.24521e+01
2.25000e+00	3.75000e+00	1.32203e+01
2.25000e+00	4.25000e+00	1.37627e+01
2.25000e+00	4.75000e+00	1.40521e+01
2.25000e+00	5.25000e+00	1.40637e+01
2.25000e+00	5.75000e+00	1.37790e+01
2.25000e+00	6.25000e+00	1.31868e+01
2.25000e+00	6.75000e+00	1.22811e+01
2.25000e+00	7.25000e+00	1.10570e+01
2.25000e+00	7.75000e+00	9.50576e+00
2.25000e+00	8.25000e+00	7.60834e+00
2.25000e+00	8.75000e+00	5.48841e+00
2.25000e+00	9.25000e+00	3.14955e+00
2.25000e+00	9.75000e+00	2.07002e-01

2.75000e+00	0.00000e+00	2.84982e-01
2.75000e+00	2.50000e-01	2.39538e+00
2.75000e+00	7.50000e-01	4.65309e+00
2.75000e+00	1.25000e+00	6.63015e+00
2.75000e+00	1.75000e+00	8.28054e+00
2.75000e+00	2.25000e+00	9.61988e+00
2.75000e+00	2.75000e+00	1.07496e+01
2.75000e+00	3.25000e+00	1.17334e+01
2.75000e+00	3.75000e+00	1.25687e+01
2.75000e+00	4.25000e+00	1.32094e+01
2.75000e+00	4.75000e+00	1.36042e+01
2.75000e+00	5.25000e+00	1.37146e+01
2.75000e+00	5.75000e+00	1.35179e+01
2.75000e+00	6.25000e+00	1.30035e+01
2.75000e+00	6.75000e+00	1.21680e+01
2.75000e+00	7.25000e+00	1.10102e+01
2.75000e+00	7.75000e+00	9.52543e+00
2.75000e+00	8.25000e+00	7.67970e+00
2.75000e+00	8.75000e+00	5.63113e+00
2.75000e+00	9.25000e+00	3.41165e+00
2.75000e+00	9.75000e+00	2.56959e-01

3.25000e+00	0.00000e+00	2.39031e-01
3.25000e+00	2.50000e-01	2.12238e+00
3.25000e+00	7.50000e-01	4.33579e+00
3.25000e+00	1.25000e+00	6.13846e+00
3.25000e+00	1.75000e+00	7.64481e+00
3.25000e+00	2.25000e+00	8.80864e+00
3.25000e+00	2.75000e+00	9.83579e+00
3.25000e+00	3.25000e+00	1.08606e+01
3.25000e+00	3.75000e+00	1.18326e+01
3.25000e+00	4.25000e+00	1.26374e+01
3.25000e+00	4.75000e+00	1.31842e+01
3.25000e+00	5.25000e+00	1.34214e+01
3.25000e+00	5.75000e+00	1.33273e+01
3.25000e+00	6.25000e+00	1.28969e+01
3.25000e+00	6.75000e+00	1.21336e+01
3.25000e+00	7.25000e+00	1.10418e+01
3.25000e+00	7.75000e+00	9.62230e+00
3.25000e+00	8.25000e+00	7.82808e+00
3.25000e+00	8.75000e+00	5.84658e+00
3.25000e+00	9.25000e+00	3.73932e+00
3.25000e+00	9.75000e+00	3.28179e-01

3.75000e+00	0.00000e+00	2.14747e-01
3.75000e+00	2.50000e-01	1.86700e+00
3.75000e+00	7.50000e-01	3.92582e+00
3.75000e+00	1.25000e+00	5.47443e+00
3.75000e+00	1.75000e+00	6.86411e+00
3.75000e+00	2.25000e+00	7.70249e+00
3.75000e+00	2.75000e+00	8.49543e+00
3.75000e+00	3.25000e+00	9.70440e+00
3.75000e+00	3.75000e+00	1.09854e+01
3.75000e+00	4.25000e+00	1.20693e+01
3.75000e+00	4.75000e+00	1.28273e+01
3.75000e+00	5.25000e+00	1.32158e+01
3.75000e+00	5.75000e+00	1.32310e+01
3.75000e+00	6.25000e+00	1.28835e+01
3.75000e+00	6.75000e+00	1.21881e+01
3.75000e+00	7.25000e+00	1.11573e+01
3.75000e+00	7.75000e+00	9.79817e+00
3.75000e+00	8.25000e+00	8.05215e+00
3.75000e+00	8.75000e+00	6.13216e+00
3.75000e+00	9.25000e+00	4.12770e+00
3.75000e+00	9.75000e+00	4.18741e-01

4.25000e+00	0.00000e+00	2.41682e-01
4.25000e+00	2.50000e-01	1.66498e+00
4.25000e+00	7.50000e-01	3.00555e+00
4.25000e+00	1.25000e+00	4.13546e+00
4.25000e+00	1.75000e+00	5.31827e+00
4.25000e+00	2.25000e+00	6.01184e+00
4.25000e+00	2.75000e+00	6.33707e+00
4.25000e+00	3.25000e+00	8.11663e+00
4.25000e+00	3.75000e+00	1.00429e+01
4.25000e+00	4.25000e+00	1.15734e+01
4.25000e+00	4.75000e+00	1.25990e+01
4.25000e+00	5.25000e+00	1.31454e+01
4.25000e+00	5.75000e+00	1.32594e+01
4.25000e+00	6.25000e+00	1.29811e+01
4.25000e+00	6.75000e+00	1.23411e+01
4.25000e+00	7.25000e+00	1.13607e+01
4.25000e+00	7.75000e+00	1.00531e+01
4.25000e+00	8.25000e+00	8.34875e+00
4.25000e+00	8.75000e+00	6.48324e+00
4.25000e+00	9.25000e+00	4.57116e+00
4.25000e+00	9.75000e+00	5.26990e-01

4.75000e+00	0.00000e+00	2.94039e-01
4.75000e+00	2.50000e-01	1.48549e+00
4.75000e+00	7.50000e-01	1.70536e+00
4.75000e+00	1.25000e+00	2.05674e+00
4.75000e+00	1.75000e+00	2.63501e+00
4.75000e+00	2.25000e+00	3.50835e+00
4.75000e+00	2.75000e+00	3.38702e+00
4.75000e+00	3.25000e+00	6.48316e+00
4.75000e+00	3.75000e+00	9.34443e+00
4.75000e+00	4.25000e+00	1.13581e+01
4.75000e+00	4.75000e+00	1.26126e+01
4.75000e+00	5.25000e+00	1.32687e+01
4.75000e+00	5.75000e+00	1.34421e+01
4.75000e+00	6.25000e+00	1.32039e+01
4.75000e+00	6.75000e+00	1.25980e+01
4.75000e+00	7.25000e+00	1.16526e+01
4.75000e+00	7.75000e+00	1.03845e+01
4.75000e+00	8.25000e+00	8.71245e+00
4.75000e+00	8.75000e+00	6.89292e+00
4.75000e+00	9.25000e+00	5.06298e+00
4.75000e+00	9.75000e+00	6.51290e-01

5.25000e+00	0.00000e+00	2.14545e-01
5.25000e+00	2.50000e-01	9.33815e-01
5.25000e+00	7.50000e-01	8.51445e-01
5.25000e+00	1.25000e+00	1.06970e+00
5.25000e+00	1.75000e+00	1.55830e+00
5.25000e+00	2.25000e+00	4.22724e+00
5.25000e+00	2.75000e+00	7.09681e+00
5.25000e+00	3.25000e+00	8.61383e+00
5.25000e+00	3.75000e+00	1.03426e+01
5.25000e+00	4.25000e+00	1.19335e+01
5.25000e+00	4.75000e+00	1.30381e+01
5.25000e+00	5.25000e+00	1.36400e+01
5.25000e+00	5.75000e+00	1.37945e+01
5.25000e+00	6.25000e+00	1.35540e+01
5.25000e+00	6.75000e+00	1.29564e+01
5.25000e+00	7.25000e+00	1.20280e+01
5.25000e+00	7.75000e+00	1.07860e+01
5.25000e+00	8.25000e+00	9.13555e+00
5.25000e+00	8.75000e+00	7.35169e+00
5.25000e+00	9.25000e+00	5.59547e+00
5.25000e+00	9.75000e+00	7.89920e-01

5.75000e+00	0.00000e+00	8.77830e-29
5.75000e+00	2.50000e-01	3.53871e-28
5.75000e+00	7.50000e-01	3.36399e-25
5.75000e+00	1.25000e+00	-3.09836e-25
5.75000e+00	1.75000e+00	-8.26811e-25
5.75000e+00	2.25000e+00	5.76214e+00
5.75000e+00	2.75000e+00	1.34958e+01
5.75000e+00	3.25000e+00	1.33785e+01
5.75000e+00	3.75000e+00	1.29102e+01
5.75000e+00	4.25000e+00	1.32557e+01
5.75000e+00	4.75000e+00	1.38478e+01
5.75000e+00	5.25000e+00	1.42341e+01
5.75000e+00	5.75000e+00	1.42950e+01
5.75000e+00	6.25000e+00	1.40138e+01
5.75000e+00	6.75000e+00	1.34021e+01
5.75000e+00	7.25000e+00	1.24751e+01
5.75000e+00	7.75000e+00	1.12466e+01
5.75000e+00	8.25000e+00	9.60774e+00
5.75000e+00	8.75000e+00	7.84914e+00
5.75000e+00	9.25000e+00	6.15942e+00
5.75000e+00	9.75000e+00	9.40697e-01

6.25000e+00	0.00000e+00	-2.94886e-29
6.25000e+00	2.50000e-01	-1.17954e-28
6.25000e+00	7.50000e-01	7.74302e-26
6.25000e+00	1.25000e+00	-5.18167e-26
6.25000e+00	1.75000e+00	2.06704e-25
6.25000e+00	2.25000e+00	3.75685e+00
6.25000e+00	2.75000e+00	1.07317e+01
6.25000e+00	3.25000e+00	1.41988e+01
6.25000e+00	3.75000e+00	1.46115e+01
6.25000e+00	4.25000e+00	1.45238e+01
6.25000e+00	4.75000e+00	1.47427e+01
6.25000e+00	5.25000e+00	1.49285e+01
6.25000e+00	5.75000e+00	1.48837e+01
6.25000e+00	6.25000e+00	1.45484e+01
6.25000e+00	6.75000e+00	1.39114e+01
6.25000e+00	7.25000e+00	1.29767e+01
6.25000e+00	7.75000e+00	1.17510e+01
6.25000e+00	8.25000e+00	1.01163e+01
6.25000e+00	8.75000e+00	8.37607e+00
6.25000e+00	9.25000e+00	6.74407e+00
6.25000e+00	9.75000e+00	1.10064e+00

6.75000e+00	0.00000e+00	-3.33404e-30
6.75000e+00	2.50000e-01	-1.33362e-29
6.75000e+00	7.50000e-01	-1.33362e-29
6.75000e+00	1.25000e+00	3.10179e-25
6.75000e+00	1.75000e+00	1.04522e-29
6.75000e+00	2.25000e+00	2.84340e+00
6.75000e+00	2.75000e+00	8.80855e+00
6.75000e+00	3.25000e+00	1.34223e+01
6.75000e+00	3.75000e+00	1.52680e+01
6.75000e+00	4.25000e+00	1.55231e+01
6.75000e+00	4.75000e+00	1.55524e+01
6.75000e+00	5.25000e+00	1.56201e+01
6.75000e+00	5.75000e+00	1.54996e+01
6.75000e+00	6.25000e+00	1.51191e+01
6.75000e+00	6.75000e+00	1.44577e+01
6.75000e+00	7.25000e+00	1.35129e+01
6.75000e+00	7.75000e+00	1.22826e+01
6.75000e+00	8.25000e+00	1.06476e+01
6.75000e+00	8.75000e+00	8.92224e+00
6.75000e+00	9.25000e+00	7.33879e+00
6.75000e+00	9.75000e+00	1.26656e+00

7.25000e+00	0.00000e+00	-1.57507e-30
7.25000e+00	2.50000e-01	-6.30027e-30
7.25000e+00	7.50000e-01	1.03391e-25
7.25000e+00	1.25000e+00	-7.75545e-26
7.25000e+00	1.75000e+00	-2.06779e-25
7.25000e+00	2.25000e+00	2.39717e+00
7.25000e+00	2.75000e+00	7.51835e+00
7.25000e+00	3.25000e+00	1.22361e+01
7.25000e+00	3.75000e+00	1.51878e+01
7.25000e+00	4.25000e+00	1.61741e+01
7.25000e+00	4.75000e+00	1.62489e+01
7.25000e+00	5.25000e+00	1.62568e+01
7.25000e+00	5.75000e+00	1.61007e+01
7.25000e+00	6.25000e+00	1.56949e+01
7.25000e+00	6.75000e+00	1.50174e+01
7.25000e+00	7.25000e+00	1.40648e+01
7.25000e+00	7.75000e+00	1.28256e+01
7.25000e+00	8.25000e+00	1.11879e+01
7.25000e+00	8.75000e+00	9.47641e+00
7.25000e+00	9.25000e+00	7.93369e+00
7.25000e+00	9.75000e+00	1.43552e+00

7.75000e+00	0.00000e+00	-8.60193e-31
7.75000e+00	2.50000e-01	-3.44077e-30
7.75000e+00	7.50000e-01	1.03394e-25
7.75000e+00	1.25000e+00	-7.75516e-26
7.75000e+00	1.75000e+00	2.06813e-25
7.75000e+00	2.25000e+00	2.13667e+00
7.75000e+00	2.75000e+00	6.66154e+00
7.75000e+00	3.25000e+00	1.11523e+01
7.75000e+00	3.75000e+00	1.46710e+01
7.75000e+00	4.25000e+00	1.64408e+01
7.75000e+00	4.75000e+00	1.68401e+01
7.75000e+00	5.25000e+00	1.68235e+01
7.75000e+00	5.75000e+00	1.66664e+01
7.75000e+00	6.25000e+00	1.62559e+01
7.75000e+00	6.75000e+00	1.55729e+01
7.75000e+00	7.25000e+00	1.46169e+01
7.75000e+00	7.75000e+00	1.33665e+01
7.75000e+00	8.25000e+00	1.17254e+01
7.75000e+00	8.75000e+00	1.00279e+01
7.75000e+00	9.25000e+00	8.51963e+00
7.75000e+00	9.75000e+00	1.60473e+00

8.25000e+00	0.00000e+00	-4.39239e-31
8.25000e+00	2.50000e-01	-1.75696e-30
8.25000e+00	7.50000e-01	-2.06797e-25
8.25000e+00	1.25000e+00	1.55095e-25
8.25000e+00	1.75000e+00	1.97073e-29
8.25000e+00	2.25000e+00	1.96833e+00
8.25000e+00	2.75000e+00	6.08661e+00
8.25000e+00	3.25000e+00	1.02752e+01
8.25000e+00	3.75000e+00	1.39739e+01
8.25000e+00	4.25000e+00	1.63884e+01
8.25000e+00	4.75000e+00	1.72834e+01
8.25000e+00	5.25000e+00	1.73356e+01
8.25000e+00	5.75000e+00	1.71917e+01
8.25000e+00	6.25000e+00	1.67920e+01
8.25000e+00	6.75000e+00	1.61128e+01
8.25000e+00	7.25000e+00	1.51578e+01
8.25000e+00	7.75000e+00	1.38946e+01
8.25000e+00	8.25000e+00	1.22497e+01
8.25000e+00	8.75000e+00	1.05675e+01
8.25000e+00	9.25000e+00	9.08862e+00
8.25000e+00	9.75000e+00	1.77155e+00

8.75000e+00	0.00000e+00	-1.94292e-31
8.75000e+00	2.50000e-01	-7.77169e-31
8.75000e+00	7.50000e-01	-2.06796e-25
8.75000e+00	1.25000e+00	2.84343e-25
8.75000e+00	1.75000e+00	2.06816e-25
8.75000e+00	2.25000e+00	1.85254e+00
8.75000e+00	2.75000e+00	5.68643e+00
8.75000e+00	3.25000e+00	9.59798e+00
8.75000e+00	3.75000e+00	1.32817e+01
8.75000e+00	4.25000e+00	1.61253e+01
8.75000e+00	4.75000e+00	1.75551e+01
8.75000e+00	5.25000e+00	1.78107e+01
8.75000e+00	5.75000e+00	1.76789e+01
8.75000e+00	6.25000e+00	1.72996e+01
8.75000e+00	6.75000e+00	1.66305e+01
8.75000e+00	7.25000e+00	1.56796e+01
8.75000e+00	7.75000e+00	1.44019e+01
8.75000e+00	8.25000e+00	1.27517e+01
8.75000e+00	8.75000e+00	1.10884e+01
8.75000e+00	9.25000e+00	9.63444e+00
8.75000e+00	9.75000e+00	1.93377e+00

9.25000e+00	0.00000e+00	-9.77196e-32
9.25000e+00	2.50000e-01	-3.90878e-31
9.25000e+00	7.50000e-01	1.03397e-25
9.25000e+00	1.25000e+00	-1.29247e-25
9.25000e+00	1.75000e+00	-2.06774e-25
9.25000e+00	2.25000e+00	1.76912e+00
9.25000e+00	2.75000e+00	5.39717e+00
9.25000e+00	3.25000e+00	9.09462e+00
9.25000e+00	3.75000e+00	1.26919e+01
9.25000e+00	4.25000e+00	1.57627e+01
9.25000e+00	4.75000e+00	1.76670e+01
9.25000e+00	5.25000e+00	1.82351e+01
9.25000e+00	5.75000e+00	1.81359e+01
9.25000e+00	6.25000e+00	1.77790e+01
9.25000e+00	6.75000e+00	1.71225e+01
9.25000e+00	7.25000e+00	1.61767e+01
9.25000e+00	7.75000e+00	1.48824e+01
9.25000e+00	8.25000e+00	1.32243e+01
9.25000e+00	8.75000e+00	1.15848e+01
9.25000e+00	9.25000e+00	1.01522e+01
9.25000e+00	9.75000e+00	2.08958e+00

9.75000e+00	0.00000e+00	-9.81501e-32
9.75000e+00	2.50000e-01	-3.92600e-31
9.75000e+00	7.50000e-01	1.03397e-25
9.75000e+00	1.25000e+00	-7.23783e-25
9.75000e+00	1.75000e+00	-8.27160e-25
9.75000e+00	2.25000e+00	1.70998e+00
9.75000e+00	2.75000e+00	5.18930e+00
9.75000e+00	3.25000e+00	8.73774e+00
9.75000e+00	3.75000e+00	1.22355e+01
9.75000e+00	4.25000e+00	1.53909e+01
9.75000e+00	4.75000e+00	1.76528e+01
9.75000e+00	5.25000e+00	1.85844e+01
9.75000e+00	5.75000e+00	1.85724e+01
9.75000e+00	6.25000e+00	1.82304e+01
9.75000e+00	6.75000e+00	1.75867e+01
9.75000e+00	7.25000e+00	1.66438e+01
9.75000e+00	7.75000e+00	1.53317e+01
9.75000e+00	8.25000e+00	1.36654e+01
9.75000e+00	8.75000e+00	1.20515e+01
9.75000e+00	9.25000e+00	1.06378e+01
9.75000e+00	9.75000e+00	2.23750e+00

1.02500e+01	0.00000e+00	-1.68272e-31
1.02500e+01	2.50000e-01	-6.73086e-31
1.02500e+01	7.50000e-01	-6.46242e-26
1.02500e+01	1.25000e+00	-1.68022e-25
1.02500e+01	1.75000e+00	4.13611e-25
1.02500e+01	2.25000e+00	1.67387e+00
1.02500e+01	2.75000e+00	5.05152e+00
1.02500e+01	3.25000e+00	8.51434e+00
1.02500e+01	3.75000e+00	1.19198e+01
1.02500e+01	4.25000e+00	1.50709e+01
1.02500e+01	4.75000e+00	1.75598e+01
1.02500e+01	5.25000e+00	1.88458e+01
1.02500e+01	5.75000e+00	1.89873e+01
1.02500e+01	6.25000e+00	1.86535e+01
1.02500e+01	6.75000e+00	1.80211e+01
1.02500e+01	7.25000e+00	1.70763e+01
1.02500e+01	7.75000e+00	1.57457e+01
1.02500e+01	8.25000e+00	1.40740e+01
1.02500e+01	8.75000e+00	1.24844e+01
1.02500e+01	9.25000e+00	1.10880e+01
1.02500e+01	9.75000e+00	2.37634e+00

1.07500e+01	0.00000e+00	-3.01738e-31
1.07500e+01	2.50000e-01	-1.20695e-30
1.07500e+01	7.50000e-01	1.29235e-26
1.07500e+01	1.25000e+00	2.43952e-25
1.07500e+01	1.75000e+00	4.52384e-25
1.07500e+01	2.25000e+00	1.66517e+00
1.07500e+01	2.75000e+00	4.98326e+00
1.07500e+01	3.25000e+00	8.43903e+00
1.07500e+01	3.75000e+00	1.17536e+01
1.07500e+01	4.25000e+00	1.48400e+01
1.07500e+01	4.75000e+00	1.74369e+01
1.07500e+01	5.25000e+00	1.90203e+01
1.07500e+01	5.75000e+00	1.93647e+01
1.07500e+01	6.25000e+00	1.90481e+01
1.07500e+01	6.75000e+00	1.84234e+01
1.07500e+01	7.25000e+00	1.74713e+01
1.07500e+01	7.75000e+00	1.61215e+01
1.07500e+01	8.25000e+00	1.44480e+01
1.07500e+01	8.75000e+00	1.28813e+01
1.07500e+01	9.25000e+00	1.15009e+01
1.07500e+01	9.75000e+00	2.50529e+00

1.12500e+01	0.00000e+00	2.28801e-30
1.12500e+01	2.50000e-01	8.44851e-30
1.12500e+01	7.50000e-01	-2.03072e-01
1.12500e+01	1.25000e+00	-3.06554e-01
1.12500e+01	1.75000e+00	-3.24286e-01
1.12500e+01	2.25000e+00	1.49585e+00
1.12500e+01	2.75000e+00	5.30474e+00
1.12500e+01	3.25000e+00	8.63247e+00
1.12500e+01	3.75000e+00	1.17557e+01
1.12500e+01	4.25000e+00	1.47068e+01
1.12500e+01	4.75000e+00	1.73120e+01
1.12500e+01	5.25000e+00	1.91127e+01
1.12500e+01	5.75000e+00	1.96864e+01
1.12500e+01	6.25000e+00	1.94113e+01
1.12500e+01	6.75000e+00	1.87898e+01
1.12500e+01	7.25000e+00	1.78262e+01
1.12500e+01	7.75000e+00	1.64558e+01
1.12500e+01	8.25000e+00	1.47858e+01
1.12500e+01	8.75000e+00	1.32409e+01
1.12500e+01	9.25000e+00	1.18756e+01
1.12500e+01	9.75000e+00	2.62385e+00

1.17500e+01	0.00000e+00	-1.96031e-30
1.17500e+01	2.50000e-01	-9.01379e-30
1.17500e+01	7.50000e-01	-4.47162e-01
1.17500e+01	1.25000e+00	-6.17924e-01
1.17500e+01	1.75000e+00	-5.95455e-01
1.17500e+01	2.25000e+00	1.53440e+00
1.17500e+01	2.75000e+00	5.73172e+00
1.17500e+01	3.25000e+00	8.87292e+00
1.17500e+01	3.75000e+00	1.18015e+01
1.17500e+01	4.25000e+00	1.46136e+01
1.17500e+01	4.75000e+00	1.71794e+01
1.17500e+01	5.25000e+00	1.91277e+01
1.17500e+01	5.75000e+00	1.99358e+01
1.17500e+01	6.25000e+00	1.97364e+01
1.17500e+01	6.75000e+00	1.91160e+01
1.17500e+01	7.25000e+00	1.81384e+01
1.17500e+01	7.75000e+00	1.67466e+01
1.17500e+01	8.25000e+00	1.50862e+01
1.17500e+01	8.75000e+00	1.35626e+01
1.17500e+01	9.25000e+00	1.22117e+01
1.17500e+01	9.75000e+00	2.73173e+00

1.22500e+01	0.00000e+00	-1.01536e-01
1.22500e+01	2.50000e-01	-3.06554e-01
1.22500e+01	7.50000e-01	-5.21168e-01
1.22500e+01	1.25000e+00	-3.91005e-01
1.22500e+01	1.75000e+00	2.43301e-01
1.22500e+01	2.25000e+00	2.34415e+00
1.22500e+01	2.75000e+00	5.72782e+00
1.22500e+01	3.25000e+00	8.83321e+00
1.22500e+01	3.75000e+00	1.17275e+01
1.22500e+01	4.25000e+00	1.44813e+01
1.22500e+01	4.75000e+00	1.70195e+01
1.22500e+01	5.25000e+00	1.90705e+01
1.22500e+01	5.75000e+00	2.01023e+01
1.22500e+01	6.25000e+00	2.00158e+01
1.22500e+01	6.75000e+00	1.93982e+01
1.22500e+01	7.25000e+00	1.84059e+01
1.22500e+01	7.75000e+00	1.69954e+01
1.22500e+01	8.25000e+00	1.53481e+01
1.22500e+01	8.75000e+00	1.38461e+01
1.22500e+01	9.25000e+00	1.25096e+01
1.22500e+01	9.75000e+00	2.82881e+00

1.27500e+01	0.00000e+00	-2.23581e-01
1.27500e+01	2.50000e-01	-6.17924e-01
1.27500e+01	7.50000e-01	-3.51021e-01
1.27500e+01	1.25000e+00	1.21696e-01
1.27500e+01	1.75000e+00	1.12576e+00
1.27500e+01	2.25000e+00	3.09849e+00
1.27500e+01	2.75000e+00	5.89375e+00
1.27500e+01	3.25000e+00	8.79281e+00
1.27500e+01	3.75000e+00	1.16117e+01
1.27500e+01	4.25000e+00	1.43178e+01
1.27500e+01	4.75000e+00	1.68336e+01
1.27500e+01	5.25000e+00	1.89524e+01
1.27500e+01	5.75000e+00	2.01852e+01
1.27500e+01	6.25000e+00	2.02436e+01
1.27500e+01	6.75000e+00	1.96352e+01
1.27500e+01	7.25000e+00	1.86274e+01
1.27500e+01	7.75000e+00	1.72034e+01
1.27500e+01	8.25000e+00	1.55715e+01
1.27500e+01	8.75000e+00	1.40919e+01
1.27500e+01	9.25000e+00	1.27701e+01
1.27500e+01	9.75000e+00	2.91516e+00

1.32500e+01	0.00000e+00	-3.01513e-01
1.32500e+01	2.50000e-01	-8.02179e-01
1.32500e+01	7.50000e-01	-1.18078e-01
1.32500e+01	1.25000e+00	6.40141e-01
1.32500e+01	1.75000e+00	1.84481e+00
1.32500e+01	2.25000e+00	3.71030e+00
1.32500e+01	2.75000e+00	6.14921e+00
1.32500e+01	3.25000e+00	8.81577e+00
1.32500e+01	3.75000e+00	1.15130e+01
1.32500e+01	4.25000e+00	1.41507e+01
1.32500e+01	4.75000e+00	1.66341e+01
1.32500e+01	5.25000e+00	1.87894e+01
1.32500e+01	5.75000e+00	2.01918e+01
1.32500e+01	6.25000e+00	2.04161e+01
1.32500e+01	6.75000e+00	1.98282e+01
1.32500e+01	7.25000e+00	1.88038e+01
1.32500e+01	7.75000e+00	1.73716e+01
1.32500e+01	8.25000e+00	1.57576e+01
1.32500e+01	8.75000e+00	1.43012e+01
1.32500e+01	9.25000e+00	1.29946e+01
1.32500e+01	9.75000e+00	2.99104e+00

1.37500e+01	0.00000e+00	-3.24945e-01
1.37500e+01	2.50000e-01	-8.37250e-01
1.37500e+01	7.50000e-01	1.09300e-01
1.37500e+01	1.25000e+00	1.06752e+00
1.37500e+01	1.75000e+00	2.38901e+00
1.37500e+01	2.25000e+00	4.18670e+00
1.37500e+01	2.75000e+00	6.41115e+00
1.37500e+01	3.25000e+00	8.88204e+00
1.37500e+01	3.75000e+00	1.14452e+01
1.37500e+01	4.25000e+00	1.39967e+01
1.37500e+01	4.75000e+00	1.64332e+01
1.37500e+01	5.25000e+00	1.85980e+01
1.37500e+01	5.75000e+00	2.01344e+01
1.37500e+01	6.25000e+00	2.05316e+01
1.37500e+01	6.75000e+00	1.99790e+01
1.37500e+01	7.25000e+00	1.89383e+01
1.37500e+01	7.75000e+00	1.75015e+01
1.37500e+01	8.25000e+00	1.59078e+01
1.37500e+01	8.75000e+00	1.44757e+01
1.37500e+01	9.25000e+00	1.31850e+01
1.37500e+01	9.75000e+00	3.05684e+00

1.42500e+01	0.00000e+00	-3.05546e-01
1.42500e+01	2.50000e-01	-7.49780e-01
1.42500e+01	7.50000e-01	3.25705e-01
1.42500e+01	1.25000e+00	1.40523e+00
1.42500e+01	1.75000e+00	2.79509e+00
1.42500e+01	2.25000e+00	4.55151e+00
1.42500e+01	2.75000e+00	6.64221e+00
1.42500e+01	3.25000e+00	8.96288e+00
1.42500e+01	3.75000e+00	1.14010e+01
1.42500e+01	4.25000e+00	1.38602e+01
1.42500e+01	4.75000e+00	1.62388e+01
1.42500e+01	5.25000e+00	1.83919e+01
1.42500e+01	5.75000e+00	2.00265e+01
1.42500e+01	6.25000e+00	2.05917e+01
1.42500e+01	6.75000e+00	2.00901e+01
1.42500e+01	7.25000e+00	1.90341e+01
1.42500e+01	7.75000e+00	1.75955e+01
1.42500e+01	8.25000e+00	1.60247e+01
1.42500e+01	8.75000e+00	1.46177e+01
1.42500e+01	9.25000e+00	1.33436e+01
1.42500e+01	9.75000e+00	3.11310e+00

1.47500e+01	0.00000e+00	-2.58332e-01
1.47500e+01	2.50000e-01	-5.76771e-01
1.47500e+01	7.50000e-01	5.41065e-01
1.47500e+01	1.25000e+00	1.68203e+00
1.47500e+01	1.75000e+00	3.10586e+00
1.47500e+01	2.25000e+00	4.83219e+00
1.47500e+01	2.75000e+00	6.83318e+00
1.47500e+01	3.25000e+00	9.04002e+00
1.47500e+01	3.75000e+00	1.13696e+01
1.47500e+01	4.25000e+00	1.37387e+01
1.47500e+01	4.75000e+00	1.60538e+01
1.47500e+01	5.25000e+00	1.81806e+01
1.47500e+01	5.75000e+00	1.98800e+01
1.47500e+01	6.25000e+00	2.05998e+01
1.47500e+01	6.75000e+00	2.01645e+01
1.47500e+01	7.25000e+00	1.90943e+01
1.47500e+01	7.75000e+00	1.76569e+01
1.47500e+01	8.25000e+00	1.61108e+01
1.47500e+01	8.75000e+00	1.47297e+01
1.47500e+01	9.25000e+00	1.34730e+01
1.47500e+01	9.75000e+00	3.16047e+00

1.52500e+01	0.00000e+00	-1.95038e-01
1.52500e+01	2.50000e-01	-3.49726e-01
1.52500e+01	7.50000e-01	7.61910e-01
1.52500e+01	1.25000e+00	1.92403e+00
1.52500e+01	1.75000e+00	3.35617e+00
1.52500e+01	2.25000e+00	5.05381e+00
1.52500e+01	2.75000e+00	6.98773e+00
1.52500e+01	3.25000e+00	9.10556e+00
1.52500e+01	3.75000e+00	1.13425e+01
1.52500e+01	4.25000e+00	1.36280e+01
1.52500e+01	4.75000e+00	1.58780e+01
1.52500e+01	5.25000e+00	1.79694e+01
1.52500e+01	5.75000e+00	1.97052e+01
1.52500e+01	6.25000e+00	2.05611e+01
1.52500e+01	6.75000e+00	2.02046e+01
1.52500e+01	7.25000e+00	1.91224e+01
1.52500e+01	7.75000e+00	1.76888e+01
1.52500e+01	8.25000e+00	1.61693e+01
1.52500e+01	8.75000e+00	1.48145e+01
1.52500e+01	9.25000e+00	1.35759e+01
1.52500e+01	9.75000e+00	3.19966e+00

1.57500e+01	0.00000e+00	-1.23369e-01
1.57500e+01	2.50000e-01	-9.12825e-02
1.57500e+01	7.50000e-01	9.89950e-01
1.57500e+01	1.25000e+00	2.14836e+00
1.57500e+01	1.75000e+00	3.57038e+00
1.57500e+01	2.25000e+00	5.23622e+00
1.57500e+01	2.75000e+00	7.11377e+00
1.57500e+01	3.25000e+00	9.15803e+00
1.57500e+01	3.75000e+00	1.13151e+01
1.57500e+01	4.25000e+00	1.35240e+01
1.57500e+01	4.75000e+00	1.57099e+01
1.57500e+01	5.25000e+00	1.77609e+01
1.57500e+01	5.75000e+00	1.95103e+01
1.57500e+01	6.25000e+00	2.04816e+01
1.57500e+01	6.75000e+00	2.02130e+01
1.57500e+01	7.25000e+00	1.91222e+01
1.57500e+01	7.75000e+00	1.76948e+01
1.57500e+01	8.25000e+00	1.62031e+01
1.57500e+01	8.75000e+00	1.48750e+01
1.57500e+01	9.25000e+00	1.36551e+01
1.57500e+01	9.75000e+00	3.23144e+00

1.62500e+01	0.00000e+00	-4.82655e-02
1.62500e+01	2.50000e-01	1.83314e-01
1.62500e+01	7.50000e-01	1.22608e+00
1.62500e+01	1.25000e+00	2.36533e+00
1.62500e+01	1.75000e+00	3.76415e+00
1.62500e+01	2.25000e+00	5.39377e+00
1.62500e+01	2.75000e+00	7.21936e+00
1.62500e+01	3.25000e+00	9.19909e+00
1.62500e+01	3.75000e+00	1.12853e+01
1.62500e+01	4.25000e+00	1.34239e+01
1.62500e+01	4.75000e+00	1.55476e+01
1.62500e+01	5.25000e+00	1.75560e+01
1.62500e+01	5.75000e+00	1.93018e+01
1.62500e+01	6.25000e+00	2.03673e+01
1.62500e+01	6.75000e+00	2.01915e+01
1.62500e+01	7.25000e+00	1.90974e+01
1.62500e+01	7.75000e+00	1.76783e+01
1.62500e+01	8.25000e+00	1.62154e+01
1.62500e+01	8.75000e+00	1.49141e+01
1.62500e+01	9.25000e+00	1.37134e+01
1.62500e+01	9.75000e+00	3.25659e+00

1.67500e+01	0.00000e+00	2.74706e-02
1.67500e+01	2.50000e-01	4.64506e-01
1.67500e+01	7.50000e-01	1.46853e+00
1.67500e+01	1.25000e+00	2.57951e+00
1.67500e+01	1.75000e+00	3.94655e+00
1.67500e+01	2.25000e+00	5.53600e+00
1.67500e+01	2.75000e+00	7.31107e+00
1.67500e+01	3.25000e+00	9.23134e+00
1.67500e+01	3.75000e+00	1.12528e+01
1.67500e+01	4.25000e+00	1.33261e+01
1.67500e+01	4.75000e+00	1.53903e+01
1.67500e+01	5.25000e+00	1.73547e+01
1.67500e+01	5.75000e+00	1.90848e+01
1.67500e+01	6.25000e+00	2.02243e+01
1.67500e+01	6.75000e+00	2.01421e+01
1.67500e+01	7.25000e+00	1.90516e+01
1.67500e+01	7.75000e+00	1.76425e+01
1.67500e+01	8.25000e+00	1.62092e+01
1.67500e+01	8.75000e+00	1.49346e+01
1.67500e+01	9.25000e+00	1.37535e+01
1.67500e+01	9.75000e+00	3.27586e+00

1.72500e+01	0.00000e+00	1.02863e-01
1.72500e+01	2.50000e-01	7.46847e-01
1.72500e+01	7.50000e-01	1.71201e+00
1.72500e+01	1.25000e+00	2.79114e+00
1.72500e+01	1.75000e+00	4.12198e+00
1.72500e+01	2.25000e+00	5.66869e+00
1.72500e+01	2.75000e+00	7.39364e+00
1.72500e+01	3.25000e+00	9.25733e+00
1.72500e+01	3.75000e+00	1.12181e+01
1.72500e+01	4.25000e+00	1.32300e+01
1.72500e+01	4.75000e+00	1.52370e+01
1.72500e+01	5.25000e+00	1.71566e+01
1.72500e+01	5.75000e+00	1.88633e+01
1.72500e+01	6.25000e+00	2.00576e+01
1.72500e+01	6.75000e+00	2.00665e+01
1.72500e+01	7.25000e+00	1.89883e+01
1.72500e+01	7.75000e+00	1.75907e+01
1.72500e+01	8.25000e+00	1.61871e+01
1.72500e+01	8.75000e+00	1.49392e+01
1.72500e+01	9.25000e+00	1.37781e+01
1.72500e+01	9.75000e+00	3.29002e+00

1.77500e+01	0.00000e+00	1.77223e-01
1.77500e+01	2.50000e-01	1.02692e+00
1.77500e+01	7.50000e-01	1.95372e+00
1.77500e+01	1.25000e+00	2.99982e+00
1.77500e+01	1.75000e+00	4.29247e+00
1.77500e+01	2.25000e+00	5.79513e+00
1.77500e+01	2.75000e+00	7.47021e+00
1.77500e+01	3.25000e+00	9.27912e+00
1.77500e+01	3.75000e+00	1.11820e+01
1.77500e+01	4.25000e+00	1.31354e+01
1.77500e+01	4.75000e+00	1.50871e+01
1.77500e+01	5.25000e+00	1.69617e+01
1.77500e+01	5.75000e+00	1.86399e+01
1.77500e+01	6.25000e+00	1.98719e+01
1.77500e+01	6.75000e+00	1.99666e+01
1.77500e+01	7.25000e+00	1.89106e+01
1.77500e+01	7.75000e+00	1.75256e+01
1.77500e+01	8.25000e+00	1.61518e+01
1.77500e+01	8.75000e+00	1.49305e+01
1.77500e+01	9.25000e+00	1.37895e+01
1.77500e+01	9.75000e+00	3.29976e+00

1.82500e+01	0.00000e+00	2.49758e-01
1.82500e+01	2.50000e-01	1.30218e+00
1.82500e+01	7.50000e-01	2.19315e+00
1.82500e+01	1.25000e+00	3.20566e+00
1.82500e+01	1.75000e+00	4.45914e+00
1.82500e+01	2.25000e+00	5.91719e+00
1.82500e+01	2.75000e+00	7.54274e+00
1.82500e+01	3.25000e+00	9.29819e+00
1.82500e+01	3.75000e+00	1.11451e+01
1.82500e+01	4.25000e+00	1.30423e+01
1.82500e+01	4.75000e+00	1.49405e+01
1.82500e+01	5.25000e+00	1.67697e+01
1.82500e+01	5.75000e+00	1.84166e+01
1.82500e+01	6.25000e+00	1.96708e+01
1.82500e+01	6.75000e+00	1.98446e+01
1.82500e+01	7.25000e+00	1.88213e+01
1.82500e+01	7.75000e+00	1.74498e+01
1.82500e+01	8.25000e+00	1.61058e+01
1.82500e+01	8.75000e+00	1.49106e+01
1.82500e+01	9.25000e+00	1.37900e+01
1.82500e+01	9.75000e+00	3.30574e+00

1.87500e+01	0.00000e+00	3.20215e-01
1.87500e+01	2.50000e-01	1.57114e+00
1.87500e+01	7.50000e-01	2.42891e+00
1.87500e+01	1.25000e+00	3.40815e+00
1.87500e+01	1.75000e+00	4.62231e+00
1.87500e+01	2.25000e+00	6.03579e+00
1.87500e+01	2.75000e+00	7.61234e+00
1.87500e+01	3.25000e+00	9.31545e+00
1.87500e+01	3.75000e+00	1.11081e+01
1.87500e+01	4.25000e+00	1.29507e+01
1.87500e+01	4.75000e+00	1.47968e+01
1.87500e+01	5.25000e+00	1.65806e+01
1.87500e+01	5.75000e+00	1.81944e+01
1.87500e+01	6.25000e+00	1.94574e+01
1.87500e+01	6.75000e+00	1.97028e+01
1.87500e+01	7.25000e+00	1.87224e+01
1.87500e+01	7.75000e+00	1.73659e+01
1.87500e+01	8.25000e+00	1.60510e+01
1.87500e+01	8.75000e+00	1.48818e+01
1.87500e+01	9.25000e+00	1.37817e+01
1.87500e+01	9.75000e+00	3.30856e+00

1.92500e+01	0.00000e+00	3.88511e-01
1.92500e+01	2.50000e-01	1.83298e+00
1.92500e+01	7.50000e-01	2.65979e+00
1.92500e+01	1.25000e+00	3.60651e+00
1.92500e+01	1.75000e+00	4.78183e+00
1.92500e+01	2.25000e+00	6.15122e+00
1.92500e+01	2.75000e+00	7.67954e+00
1.92500e+01	3.25000e+00	9.33142e+00
1.92500e+01	3.75000e+00	1.10711e+01
1.92500e+01	4.25000e+00	1.28607e+01
1.92500e+01	4.75000e+00	1.46558e+01
1.92500e+01	5.25000e+00	1.63941e+01
1.92500e+01	5.75000e+00	1.79736e+01
1.92500e+01	6.25000e+00	1.92345e+01
1.92500e+01	6.75000e+00	1.95435e+01
1.92500e+01	7.25000e+00	1.86158e+01
1.92500e+01	7.75000e+00	1.72758e+01
1.92500e+01	8.25000e+00	1.59896e+01
1.92500e+01	8.75000e+00	1.48459e+01
1.92500e+01	9.25000e+00	1.37664e+01
1.92500e+01	9.75000e+00	3.30879e+00

1.97500e+01	0.00000e+00	4.54615e-01
1.97500e+01	2.50000e-01	2.08720e+00
1.97500e+01	7.50000e-01	2.88489e+00
1.97500e+01	1.25000e+00	3.80003e+00
1.97500e+01	1.75000e+00	4.93729e+00
1.97500e+01	2.25000e+00	6.26340e+00
1.97500e+01	2.75000e+00	7.74444e+00
1.97500e+01	3.25000e+00	9.34624e+00
1.97500e+01	3.75000e+00	1.10343e+01
1.97500e+01	4.25000e+00	1.27722e+01
1.97500e+01	4.75000e+00	1.45172e+01
1.97500e+01	5.25000e+00	1.62100e+01
1.97500e+01	5.75000e+00	1.77545e+01
1.97500e+01	6.25000e+00	1.90044e+01
1.97500e+01	6.75000e+00	1.93694e+01
1.97500e+01	7.25000e+00	1.85025e+01
1.97500e+01	7.75000e+00	1.71817e+01
1.97500e+01	8.25000e+00	1.59231e+01
1.97500e+01	8.75000e+00	1.48048e+01
1.97500e+01	9.25000e+00	1.37460e+01
1.97500e+01	9.75000e+00	3.30694e+00

2.02500e+01	0.00000e+00	5.18517e-01
2.02500e+01	2.50000e-01	2.33349e+00
2.02500e+01	7.50000e-01	3.10353e+00
2.02500e+01	1.25000e+00	3.98806e+00
2.02500e+01	1.75000e+00	5.08821e+00
2.02500e+01	2.25000e+00	6.37203e+00
2.02500e+01	2.75000e+00	7.80686e+00
2.02500e+01	3.25000e+00	9.35975e+00
2.02500e+01	3.75000e+00	1.09974e+01
2.02500e+01	4.25000e+00	1.26847e+01
2.02500e+01	4.75000e+00	1.43805e+01
2.02500e+01	5.25000e+00	1.60280e+01
2.02500e+01	5.75000e+00	1.75368e+01
2.02500e+01	6.25000e+00	1.87694e+01
2.02500e+01	6.75000e+00	1.91827e+01
2.02500e+01	7.25000e+00	1.83832e+01
2.02500e+01	7.75000e+00	1.70852e+01
2.02500e+01	8.25000e+00	1.58534e+01
2.02500e+01	8.75000e+00	1.47599e+01
2.02500e+01	9.25000e+00	1.37219e+01
2.02500e+01	9.75000e+00	3.30345e+00

2.07500e+01	0.00000e+00	5.80209e-01
2.07500e+01	2.50000e-01	2.57163e+00
2.07500e+01	7.50000e-01	3.31521e+00
2.07500e+01	1.25000e+00	4.17004e+00
2.07500e+01	1.75000e+00	5.23407e+00
2.07500e+01	2.25000e+00	6.47665e+00
2.07500e+01	2.75000e+00	7.86641e+00
2.07500e+01	3.25000e+00	9.37159e+00
2.07500e+01	3.75000e+00	1.09601e+01
2.07500e+01	4.25000e+00	1.25978e+01
2.07500e+01	4.75000e+00	1.42453e+01
2.07500e+01	5.25000e+00	1.58478e+01
2.07500e+01	5.75000e+00	1.73206e+01
2.07500e+01	6.25000e+00	1.85311e+01
2.07500e+01	6.75000e+00	1.89859e+01
2.07500e+01	7.25000e+00	1.82585e+01
2.07500e+01	7.75000e+00	1.69879e+01
2.07500e+01	8.25000e+00	1.57817e+01
2.07500e+01	8.75000e+00	1.47127e+01
2.07500e+01	9.25000e+00	1.36956e+01
2.07500e+01	9.75000e+00	3.29874e+00

2.12500e+01	0.00000e+00	6.39684e-01
2.12500e+01	2.50000e-01	2.80144e+00
2.12500e+01	7.50000e-01	3.51950e+00
2.12500e+01	1.25000e+00	4.34545e+00
2.12500e+01	1.75000e+00	5.37431e+00
2.12500e+01	2.25000e+00	6.57672e+00
2.12500e+01	2.75000e+00	7.92254e+00
2.12500e+01	3.25000e+00	9.38121e+00
2.12500e+01	3.75000e+00	1.09217e+01
2.12500e+01	4.25000e+00	1.25111e+01
2.12500e+01	4.75000e+00	1.41110e+01
2.12500e+01	5.25000e+00	1.56692e+01
2.12500e+01	5.75000e+00	1.71057e+01
2.12500e+01	6.25000e+00	1.82913e+01
2.12500e+01	6.75000e+00	1.87809e+01
2.12500e+01	7.25000e+00	1.81287e+01
2.12500e+01	7.75000e+00	1.68911e+01
2.12500e+01	8.25000e+00	1.57095e+01
2.12500e+01	8.75000e+00	1.46646e+01
2.12500e+01	9.25000e+00	1.36683e+01
2.12500e+01	9.75000e+00	3.29319e+00

2.17500e+01	0.00000e+00	6.96929e-01
2.17500e+01	2.50000e-01	3.02275e+00
2.17500e+01	7.50000e-01	3.71602e+00
2.17500e+01	1.25000e+00	4.51375e+00
2.17500e+01	1.75000e+00	5.50830e+00
2.17500e+01	2.25000e+00	6.67154e+00
2.17500e+01	2.75000e+00	7.97455e+00
2.17500e+01	3.25000e+00	9.38788e+00
2.17500e+01	3.75000e+00	1.08815e+01
2.17500e+01	4.25000e+00	1.24237e+01
2.17500e+01	4.75000e+00	1.39771e+01
2.17500e+01	5.25000e+00	1.54917e+01
2.17500e+01	5.75000e+00	1.68919e+01
2.17500e+01	6.25000e+00	1.80511e+01
2.17500e+01	6.75000e+00	1.85696e+01
2.17500e+01	7.25000e+00	1.79940e+01
2.17500e+01	7.75000e+00	1.67957e+01
2.17500e+01	8.25000e+00	1.56379e+01
2.17500e+01	8.75000e+00	1.46166e+01
2.17500e+01	9.25000e+00	1.36412e+01
2.17500e+01	9.75000e+00	3.28714e+00

2.22500e+01	0.00000e+00	7.51922e-01
2.22500e+01	2.50000e-01	3.23537e+00
2.22500e+01	7.50000e-01	3.90434e+00
2.22500e+01	1.25000e+00	4.67436e+00
2.22500e+01	1.75000e+00	5.63532e+00
2.22500e+01	2.25000e+00	6.76030e+00
2.22500e+01	2.75000e+00	8.02156e+00
2.22500e+01	3.25000e+00	9.39073e+00
2.22500e+01	3.75000e+00	1.08388e+01
2.22500e+01	4.25000e+00	1.23349e+01
2.22500e+01	4.75000e+00	1.38430e+01
2.22500e+01	5.25000e+00	1.53151e+01
2.22500e+01	5.75000e+00	1.66791e+01
2.22500e+01	6.25000e+00	1.78114e+01
2.22500e+01	6.75000e+00	1.83536e+01
2.22500e+01	7.25000e+00	1.78549e+01
2.22500e+01	7.75000e+00	1.67026e+01
2.22500e+01	8.25000e+00	1.55681e+01
2.22500e+01	8.75000e+00	1.45699e+01
2.22500e+01	9.25000e+00	1.36154e+01
2.22500e+01	9.75000e+00	3.28090e+00

2.27500e+01	0.00000e+00	8.04626e-01
2.27500e+01	2.50000e-01	3.43906e+00
2.27500e+01	7.50000e-01	4.08396e+00
2.27500e+01	1.25000e+00	4.82655e+00
2.27500e+01	1.75000e+00	5.75448e+00
2.27500e+01	2.25000e+00	6.84200e+00
2.27500e+01	2.75000e+00	8.06251e+00
2.27500e+01	3.25000e+00	9.38868e+00
2.27500e+01	3.75000e+00	1.07925e+01
2.27500e+01	4.25000e+00	1.22439e+01
2.27500e+01	4.75000e+00	1.37080e+01
2.27500e+01	5.25000e+00	1.51387e+01
2.27500e+01	5.75000e+00	1.64672e+01
2.27500e+01	6.25000e+00	1.75730e+01
2.27500e+01	6.75000e+00	1.81344e+01
2.27500e+01	7.25000e+00	1.77119e+01
2.27500e+01	7.75000e+00	1.66122e+01
2.27500e+01	8.25000e+00	1.55011e+01
2.27500e+01	8.75000e+00	1.45254e+01
2.27500e+01	9.25000e+00	1.35918e+01
2.27500e+01	9.75000e+00	3.27475e+00

2.32500e+01	0.00000e+00	8.54981e-01
2.32500e+01	2.50000e-01	3.63347e+00
2.32500e+01	7.50000e-01	4.25423e+00
2.32500e+01	1.25000e+00	4.96943e+00
2.32500e+01	1.75000e+00	5.86467e+00
2.32500e+01	2.25000e+00	6.91537e+00
2.32500e+01	2.75000e+00	8.09606e+00
2.32500e+01	3.25000e+00	9.38042e+00
2.32500e+01	3.75000e+00	1.07413e+01
2.32500e+01	4.25000e+00	1.21495e+01
2.32500e+01	4.75000e+00	1.35713e+01
2.32500e+01	5.25000e+00	1.49622e+01
2.32500e+01	5.75000e+00	1.62561e+01
2.32500e+01	6.25000e+00	1.73363e+01
2.32500e+01	6.75000e+00	1.79132e+01
2.32500e+01	7.25000e+00	1.75655e+01
2.32500e+01	7.75000e+00	1.65248e+01
2.32500e+01	8.25000e+00	1.54379e+01
2.32500e+01	8.75000e+00	1.44843e+01
2.32500e+01	9.25000e+00	1.35715e+01
2.32500e+01	9.75000e+00	3.26899e+00

2.37500e+01	0.00000e+00	9.02896e-01
2.37500e+01	2.50000e-01	3.81812e+00
2.37500e+01	7.50000e-01	4.41428e+00
2.37500e+01	1.25000e+00	5.10178e+00
2.37500e+01	1.75000e+00	5.96440e+00
2.37500e+01	2.25000e+00	6.97879e+00
2.37500e+01	2.75000e+00	8.12055e+00
2.37500e+01	3.25000e+00	9.36433e+00
2.37500e+01	3.75000e+00	1.06838e+01
2.37500e+01	4.25000e+00	1.20506e+01
2.37500e+01	4.75000e+00	1.34319e+01
2.37500e+01	5.25000e+00	1.47848e+01
2.37500e+01	5.75000e+00	1.60456e+01
2.37500e+01	6.25000e+00	1.71016e+01
2.37500e+01	6.75000e+00	1.76913e+01
2.37500e+01	7.25000e+00	1.74167e+01
2.37500e+01	7.75000e+00	1.64406e+01
2.37500e+01	8.25000e+00	1.53795e+01
2.37500e+01	8.75000e+00	1.44474e+01
2.37500e+01	9.25000e+00	1.35554e+01
2.37500e+01	9.75000e+00	3.26388e+00

2.42500e+01	0.00000e+00	9.48231e-01
2.42500e+01	2.50000e-01	3.99231e+00
2.42500e+01	7.50000e-01	4.56289e+00
2.42500e+01	1.25000e+00	5.22196e+00
2.42500e+01	1.75000e+00	6.05173e+00
2.42500e+01	2.25000e+00	7.03012e+00
2.42500e+01	2.75000e+00	8.13384e+00
2.42500e+01	3.25000e+00	9.33843e+00
2.42500e+01	3.75000e+00	1.06183e+01
2.42500e+01	4.25000e+00	1.19457e+01
2.42500e+01	4.75000e+00	1.32887e+01
2.42500e+01	5.25000e+00	1.46059e+01
2.42500e+01	5.75000e+00	1.58355e+01
2.42500e+01	6.25000e+00	1.68693e+01
2.42500e+01	6.75000e+00	1.74702e+01
2.42500e+01	7.25000e+00	1.72664e+01
2.42500e+01	7.75000e+00	1.63599e+01
2.42500e+01	8.25000e+00	1.53270e+01
2.42500e+01	8.75000e+00	1.44158e+01
2.42500e+01	9.25000e+00	1.35443e+01
2.42500e+01	9.75000e+00	3.25972e+00

2.47500e+01	0.00000e+00	9.90778e-01
2.47500e+01	2.50000e-01	4.15503e+00
2.47500e+01	7.50000e-01	4.69835e+00
2.47500e+01	1.25000e+00	5.32769e+00
2.47500e+01	1.75000e+00	6.12400e+00
2.47500e+01	2.25000e+00	7.06659e+00
2.47500e+01	2.75000e+00	8.13322e+00
2.47500e+01	3.25000e+00	9.30021e+00
2.47500e+01	3.75000e+00	1.05425e+01
2.47500e+01	4.25000e+00	1.18331e+01
2.47500e+01	4.75000e+00	1.31406e+01
2.47500e+01	5.25000e+00	1.44247e+01
2.47500e+01	5.75000e+00	1.56258e+01
2.47500e+01	6.25000e+00	1.66398e+01
2.47500e+01	6.75000e+00	1.72510e+01
2.47500e+01	7.25000e+00	1.71157e+01
2.47500e+01	7.75000e+00	1.62830e+01
2.47500e+01	8.25000e+00	1.52812e+01
2.47500e+01	8.75000e+00	1.43906e+01
2.47500e+01	9.25000e+00	1.35391e+01
2.47500e+01	9.75000e+00	3.25683e+00

2.52500e+01	0.00000e+00	1.03023e+00
2.52500e+01	2.50000e-01	4.30482e+00
2.52500e+01	7.50000e-01	4.81815e+00
2.52500e+01	1.25000e+00	5.41575e+00
2.52500e+01	1.75000e+00	6.17763e+00
2.52500e+01	2.25000e+00	7.08457e+00
2.52500e+01	2.75000e+00	8.11526e+00
2.52500e+01	3.25000e+00	9.24665e+00
2.52500e+01	3.75000e+00	1.04541e+01
2.52500e+01	4.25000e+00	1.17109e+01
2.52500e+01	4.75000e+00	1.29862e+01
2.52500e+01	5.25000e+00	1.42407e+01
2.52500e+01	5.75000e+00	1.54164e+01
2.52500e+01	6.25000e+00	1.64137e+01
2.52500e+01	6.75000e+00	1.70353e+01
2.52500e+01	7.25000e+00	1.69662e+01
2.52500e+01	7.75000e+00	1.62104e+01
2.52500e+01	8.25000e+00	1.52435e+01
2.52500e+01	8.75000e+00	1.43729e+01
2.52500e+01	9.25000e+00	1.35409e+01
2.52500e+01	9.75000e+00	3.25558e+00

2.57500e+01	0.00000e+00	1.06612e+00
2.57500e+01	2.50000e-01	4.43955e+00
2.57500e+01	7.50000e-01	4.91862e+00
2.57500e+01	1.25000e+00	5.48167e+00
2.57500e+01	1.75000e+00	6.20790e+00
2.57500e+01	2.25000e+00	7.07951e+00
2.57500e+01	2.75000e+00	8.07588e+00
2.57500e+01	3.25000e+00	9.17427e+00
2.57500e+01	3.75000e+00	1.03502e+01
2.57500e+01	4.25000e+00	1.15771e+01
2.57500e+01	4.75000e+00	1.28243e+01
2.57500e+01	5.25000e+00	1.40533e+01
2.57500e+01	5.75000e+00	1.52077e+01
2.57500e+01	6.25000e+00	1.61918e+01
2.57500e+01	6.75000e+00	1.68250e+01
2.57500e+01	7.25000e+00	1.68198e+01
2.57500e+01	7.75000e+00	1.61431e+01
2.57500e+01	8.25000e+00	1.52149e+01
2.57500e+01	8.75000e+00	1.43642e+01
2.57500e+01	9.25000e+00	1.35505e+01
2.57500e+01	9.75000e+00	3.25641e+00

2.62500e+01	0.00000e+00	1.09772e+00
2.62500e+01	2.50000e-01	4.55613e+00
2.62500e+01	7.50000e-01	4.99434e+00
2.62500e+01	1.25000e+00	5.51931e+00
2.62500e+01	1.75000e+00	6.20885e+00
2.62500e+01	2.25000e+00	7.04611e+00
2.62500e+01	2.75000e+00	8.01058e+00
2.62500e+01	3.25000e+00	9.07942e+00
2.62500e+01	3.75000e+00	1.02281e+01
2.62500e+01	4.25000e+00	1.14298e+01
2.62500e+01	4.75000e+00	1.26539e+01
2.62500e+01	5.25000e+00	1.38625e+01
2.62500e+01	5.75000e+00	1.50002e+01
2.62500e+01	6.25000e+00	1.59756e+01
2.62500e+01	6.75000e+00	1.66224e+01
2.62500e+01	7.25000e+00	1.66789e+01
2.62500e+01	7.75000e+00	1.60827e+01
2.62500e+01	8.25000e+00	1.51973e+01
2.62500e+01	8.75000e+00	1.43659e+01
2.62500e+01	9.25000e+00	1.35691e+01
2.62500e+01	9.75000e+00	3.25985e+00

2.67500e+01	0.00000e+00	1.12391e+00
2.67500e+01	2.50000e-01	4.65001e+00
2.67500e+01	7.50000e-01	5.03747e+00
2.67500e+01	1.25000e+00	5.52086e+00
2.67500e+01	1.75000e+00	6.17388e+00
2.67500e+01	2.25000e+00	6.97921e+00
2.67500e+01	2.75000e+00	7.91545e+00
2.67500e+01	3.25000e+00	8.95920e+00
2.67500e+01	3.75000e+00	1.00856e+01
2.67500e+01	4.25000e+00	1.12675e+01
2.67500e+01	4.75000e+00	1.24745e+01
2.67500e+01	5.25000e+00	1.36685e+01
2.67500e+01	5.75000e+00	1.47954e+01
2.67500e+01	6.25000e+00	1.57672e+01
2.67500e+01	6.75000e+00	1.64302e+01
2.67500e+01	7.25000e+00	1.65468e+01
2.67500e+01	7.75000e+00	1.60315e+01
2.67500e+01	8.25000e+00	1.51924e+01
2.67500e+01	8.75000e+00	1.43799e+01
2.67500e+01	9.25000e+00	1.35976e+01
2.67500e+01	9.75000e+00	3.26662e+00

2.72500e+01	0.00000e+00	1.14285e+00
2.72500e+01	2.50000e-01	4.71463e+00
2.72500e+01	7.50000e-01	5.03782e+00
2.72500e+01	1.25000e+00	5.47818e+00
2.72500e+01	1.75000e+00	6.09801e+00
2.72500e+01	2.25000e+00	6.87626e+00
2.72500e+01	2.75000e+00	7.78943e+00
2.72500e+01	3.25000e+00	8.81338e+00
2.72500e+01	3.75000e+00	9.92298e+00
2.72500e+01	4.25000e+00	1.10911e+01
2.72500e+01	4.75000e+00	1.22870e+01
2.72500e+01	5.25000e+00	1.34728e+01
2.72500e+01	5.75000e+00	1.45952e+01
2.72500e+01	6.25000e+00	1.55694e+01
2.72500e+01	6.75000e+00	1.62524e+01
2.72500e+01	7.25000e+00	1.64277e+01
2.72500e+01	7.75000e+00	1.59930e+01
2.72500e+01	8.25000e+00	1.52033e+01
2.72500e+01	8.75000e+00	1.44085e+01
2.72500e+01	9.25000e+00	1.36374e+01
2.72500e+01	9.75000e+00	3.27760e+00

2.77500e+01	0.00000e+00	1.15156e+00
2.77500e+01	2.50000e-01	4.74088e+00
2.77500e+01	7.50000e-01	4.98560e+00
2.77500e+01	1.25000e+00	5.38825e+00
2.77500e+01	1.75000e+00	5.98412e+00
2.77500e+01	2.25000e+00	6.74320e+00
2.77500e+01	2.75000e+00	7.63947e+00
2.77500e+01	3.25000e+00	8.64878e+00
2.77500e+01	3.75000e+00	9.74645e+00
2.77500e+01	4.25000e+00	1.09056e+01
2.77500e+01	4.75000e+00	1.20958e+01
2.77500e+01	5.25000e+00	1.32792e+01
2.77500e+01	5.75000e+00	1.44035e+01
2.77500e+01	6.25000e+00	1.53865e+01
2.77500e+01	6.75000e+00	1.60940e+01
2.77500e+01	7.25000e+00	1.63272e+01
2.77500e+01	7.75000e+00	1.59720e+01
2.77500e+01	8.25000e+00	1.52335e+01
2.77500e+01	8.75000e+00	1.44547e+01
2.77500e+01	9.25000e+00	1.36895e+01
2.77500e+01	9.75000e+00	3.29397e+00

2.82500e+01	0.00000e+00	1.14562e+00
2.82500e+01	2.50000e-01	4.71752e+00
2.82500e+01	7.50000e-01	4.88262e+00
2.82500e+01	1.25000e+00	5.26766e+00
2.82500e+01	1.75000e+00	5.85676e+00
2.82500e+01	2.25000e+00	6.60693e+00
2.82500e+01	2.75000e+00	7.49214e+00
2.82500e+01	3.25000e+00	8.49020e+00
2.82500e+01	3.75000e+00	9.57782e+00
2.82500e+01	4.25000e+00	1.07291e+01
2.82500e+01	4.75000e+00	1.19144e+01
2.82500e+01	5.25000e+00	1.30974e+01
2.82500e+01	5.75000e+00	1.42279e+01
2.82500e+01	6.25000e+00	1.52252e+01
2.82500e+01	6.75000e+00	1.59616e+01
2.82500e+01	7.25000e+00	1.62529e+01
2.82500e+01	7.75000e+00	1.59756e+01
2.82500e+01	8.25000e+00	1.52889e+01
2.82500e+01	8.75000e+00	1.45221e+01
2.82500e+01	9.25000e+00	1.37554e+01
2.82500e+01	9.75000e+00	3.31723e+00

2.87500e+01	0.00000e+00	1.11967e+00
2.87500e+01	2.50000e-01	4.63525e+00
2.87500e+01	7.50000e-01	4.77217e+00
2.87500e+01	1.25000e+00	5.18132e+00
2.87500e+01	1.75000e+00	5.78584e+00
2.87500e+01	2.25000e+00	6.53925e+00
2.87500e+01	2.75000e+00	7.42121e+00
2.87500e+01	3.25000e+00	8.41199e+00
2.87500e+01	3.75000e+00	9.48873e+00
2.87500e+01	4.25000e+00	1.06259e+01
2.87500e+01	4.75000e+00	1.17952e+01
2.87500e+01	5.25000e+00	1.29632e+01
2.87500e+01	5.75000e+00	1.40869e+01
2.87500e+01	6.25000e+00	1.50963e+01
2.87500e+01	6.75000e+00	1.58647e+01
2.87500e+01	7.25000e+00	1.62146e+01
2.87500e+01	7.75000e+00	1.60139e+01
2.87500e+01	8.25000e+00	1.53777e+01
2.87500e+01	8.75000e+00	1.46160e+01
2.87500e+01	9.25000e+00	1.38355e+01
2.87500e+01	9.75000e+00	3.34912e+00

2.92500e+01	0.00000e+00	1.07151e+00
2.92500e+01	2.50000e-01	4.49990e+00
2.92500e+01	7.50000e-01	4.80467e+00
2.92500e+01	1.25000e+00	5.27159e+00
2.92500e+01	1.75000e+00	5.91055e+00
2.92500e+01	2.25000e+00	6.69728e+00
2.92500e+01	2.75000e+00	7.61144e+00
2.92500e+01	3.25000e+00	8.62791e+00
2.92500e+01	3.75000e+00	9.71953e+00
2.92500e+01	4.25000e+00	1.08587e+01
2.92500e+01	4.75000e+00	1.20163e+01
2.92500e+01	5.25000e+00	1.31584e+01
2.92500e+01	5.75000e+00	1.42454e+01
2.92500e+01	6.25000e+00	1.52170e+01
2.92500e+01	6.75000e+00	1.59564e+01
2.92500e+01	7.25000e+00	1.62991e+01
2.92500e+01	7.75000e+00	1.61136e+01
2.92500e+01	8.25000e+00	1.54835e+01
2.92500e+01	8.75000e+00	1.46987e+01
2.92500e+01	9.25000e+00	1.38912e+01
2.92500e+01	9.75000e+00	3.36881e+00

2.97500e+01	0.00000e+00	1.01536e+00
2.97500e+01	2.50000e-01	4.36310e+00
2.97500e+01	7.50000e-01	4.87370e+00
2.97500e+01	1.25000e+00	5.36660e+00
2.97500e+01	1.75000e+00	6.02052e+00
2.97500e+01	2.25000e+00	6.83573e+00
2.97500e+01	2.75000e+00	7.78474e+00
2.97500e+01	3.25000e+00	8.83417e+00
2.97500e+01	3.75000e+00	9.95224e+00
2.97500e+01	4.25000e+00	1.11099e+01
2.97500e+01	4.75000e+00	1.22792e+01
2.97500e+01	5.25000e+00	1.34283e+01
2.97500e+01	5.75000e+00	1.45064e+01
2.97500e+01	6.25000e+00	1.54414e+01
2.97500e+01	6.75000e+00	1.61309e+01
2.97500e+01	7.25000e+00	1.64272e+01
2.97500e+01	7.75000e+00	1.62079e+01
2.97500e+01	8.25000e+00	1.55470e+01
2.97500e+01	8.75000e+00	1.47281e+01
2.97500e+01	9.25000e+00	1.38965e+01
2.97500e+01	9.75000e+00	3.36782e+00

