0.00000e+00	0.00000e+00	2.22222e+01
0.00000e+00	2.50000e-01	2.22222e+01
0.00000e+00	7.50000e-01	2.22222e+01
0.00000e+00	1.25000e+00	2.22222e+01
0.00000e+00	1.75000e+00	2.22222e+01
0.00000e+00	2.25000e+00	2.22222e+01
0.00000e+00	2.75000e+00	2.22222e+01
0.00000e+00	3.25000e+00	2.22222e+01
0.00000e+00	3.75000e+00	2.22222e+01
0.00000e+00	4.25000e+00	2.22222e+01
0.00000e+00	4.75000e+00	2.22222e+01
0.00000e+00	5.25000e+00	2.22222e+01
0.00000e+00	5.75000e+00	2.22222e+01
0.00000e+00	6.25000e+00	2.22222e+01
0.00000e+00	6.75000e+00	2.22222e+01
0.00000e+00	7.25000e+00	2.22222e+01
0.00000e+00	7.75000e+00	2.22222e+01
0.00000e+00	8.25000e+00	2.22222e+01
0.00000e+00	8.75000e+00	2.22222e+01
0.00000e+00	9.25000e+00	2.22222e+01
0.00000e+00	9.75000e+00	2.22222e+01
0.00000e+00	1.00000e+01	2.22222e+01

5.00000e-01	0.00000e+00	2.22222e+01
5.00000e-01	2.50000e-01	2.19879e+01
5.00000e-01	7.50000e-01	2.20143e+01
5.00000e-01	1.25000e+00	2.20351e+01
5.00000e-01	1.75000e+00	2.20690e+01
5.00000e-01	2.25000e+00	2.21111e+01
5.00000e-01	2.75000e+00	2.21566e+01
5.00000e-01	3.25000e+00	2.22003e+01
5.00000e-01	3.75000e+00	2.22384e+01
5.00000e-01	4.25000e+00	2.22685e+01
5.00000e-01	4.75000e+00	2.22901e+01
5.00000e-01	5.25000e+00	2.23039e+01
5.00000e-01	5.75000e+00	2.23113e+01
5.00000e-01	6.25000e+00	2.23140e+01
5.00000e-01	6.75000e+00	2.23137e+01
5.00000e-01	7.25000e+00	2.23116e+01
5.00000e-01	7.75000e+00	2.23087e+01
5.00000e-01	8.25000e+00	2.23058e+01
5.00000e-01	8.75000e+00	2.23034e+01
5.00000e-01	9.25000e+00	2.23014e+01
5.00000e-01	9.75000e+00	2.22995e+01
5.00000e-01	1.00000e+01	2.22222e+01

1.00000e+00	0.00000e+00	2.22222e+01
1.00000e+00	2.50000e-01	2.15156e+01
1.00000e+00	7.50000e-01	2.15850e+01
1.00000e+00	1.25000e+00	2.16517e+01
1.00000e+00	1.75000e+00	2.17560e+01
1.00000e+00	2.25000e+00	2.18852e+01
1.00000e+00	2.75000e+00	2.20244e+01
1.00000e+00	3.25000e+00	2.21585e+01
1.00000e+00	3.75000e+00	2.22750e+01
1.00000e+00	4.25000e+00	2.23667e+01
1.00000e+00	4.75000e+00	2.24318e+01
1.00000e+00	5.25000e+00	2.24727e+01
1.00000e+00	5.75000e+00	2.24940e+01
1.00000e+00	6.25000e+00	2.25013e+01
1.00000e+00	6.75000e+00	2.24993e+01
1.00000e+00	7.25000e+00	2.24922e+01
1.00000e+00	7.75000e+00	2.24828e+01
1.00000e+00	8.25000e+00	2.24731e+01
1.00000e+00	8.75000e+00	2.24654e+01
1.00000e+00	9.25000e+00	2.24593e+01
1.00000e+00	9.75000e+00	2.24544e+01
1.00000e+00	1.00000e+01	2.22222e+01

1.50000e+00	0.00000e+00	2.22222e+01
1.50000e+00	2.50000e-01	2.07863e+01
1.50000e+00	7.50000e-01	2.09128e+01
1.50000e+00	1.25000e+00	2.10546e+01
1.50000e+00	1.75000e+00	2.12695e+01
1.50000e+00	2.25000e+00	2.15367e+01
1.50000e+00	2.75000e+00	2.18255e+01
1.50000e+00	3.25000e+00	2.21034e+01
1.50000e+00	3.75000e+00	2.23435e+01
1.50000e+00	4.25000e+00	2.25303e+01
1.50000e+00	4.75000e+00	2.26607e+01
1.50000e+00	5.25000e+00	2.27404e+01
1.50000e+00	5.75000e+00	2.27799e+01
1.50000e+00	6.25000e+00	2.27908e+01
1.50000e+00	6.75000e+00	2.27837e+01
1.50000e+00	7.25000e+00	2.27667e+01
1.50000e+00	7.75000e+00	2.27458e+01
1.50000e+00	8.25000e+00	2.27252e+01
1.50000e+00	8.75000e+00	2.27077e+01
1.50000e+00	9.25000e+00	2.26951e+01
1.50000e+00	9.75000e+00	2.26860e+01
1.50000e+00	1.00000e+01	2.22222e+01

2.00000e+00	0.00000e+00	2.22222e+01
2.00000e+00	2.50000e-01	1.97674e+01
2.00000e+00	7.50000e-01	1.99650e+01
2.00000e+00	1.25000e+00	2.02145e+01
2.00000e+00	1.75000e+00	2.05871e+01
2.00000e+00	2.25000e+00	2.10536e+01
2.00000e+00	2.75000e+00	2.15610e+01
2.00000e+00	3.25000e+00	2.20480e+01
2.00000e+00	3.75000e+00	2.24644e+01
2.00000e+00	4.25000e+00	2.27826e+01
2.00000e+00	4.75000e+00	2.29989e+01
2.00000e+00	5.25000e+00	2.31255e+01
2.00000e+00	5.75000e+00	2.31829e+01
2.00000e+00	6.25000e+00	2.31925e+01
2.00000e+00	6.75000e+00	2.31729e+01
2.00000e+00	7.25000e+00	2.31384e+01
2.00000e+00	7.75000e+00	2.30990e+01
2.00000e+00	8.25000e+00	2.30615e+01
2.00000e+00	8.75000e+00	2.30297e+01
2.00000e+00	9.25000e+00	2.30070e+01
2.00000e+00	9.75000e+00	2.29923e+01
2.00000e+00	1.00000e+01	2.22222e+01

2.50000e+00	0.00000e+00	2.22222e+01
2.50000e+00	2.50000e-01	1.84131e+01
2.50000e+00	7.50000e-01	1.86940e+01
2.50000e+00	1.25000e+00	1.90874e+01
2.50000e+00	1.75000e+00	1.96734e+01
2.50000e+00	2.25000e+00	2.04175e+01
2.50000e+00	2.75000e+00	2.12351e+01
2.50000e+00	3.25000e+00	2.20163e+01
2.50000e+00	3.75000e+00	2.26723e+01
2.50000e+00	4.25000e+00	2.31602e+01
2.50000e+00	4.75000e+00	2.34788e+01
2.50000e+00	5.25000e+00	2.36538e+01
2.50000e+00	5.75000e+00	2.37218e+01
2.50000e+00	6.25000e+00	2.37186e+01
2.50000e+00	6.75000e+00	2.36743e+01
2.50000e+00	7.25000e+00	2.36108e+01
2.50000e+00	7.75000e+00	2.35433e+01
2.50000e+00	8.25000e+00	2.34811e+01
2.50000e+00	8.75000e+00	2.34297e+01
2.50000e+00	9.25000e+00	2.33925e+01
2.50000e+00	9.75000e+00	2.33705e+01
2.50000e+00	1.00000e+01	2.22222e+01

3.00000e+00	0.00000e+00	2.22222e+01
3.00000e+00	2.50000e-01	1.66644e+01
3.00000e+00	7.50000e-01	1.70356e+01
3.00000e+00	1.25000e+00	1.76080e+01
3.00000e+00	1.75000e+00	1.84718e+01
3.00000e+00	2.25000e+00	1.95977e+01
3.00000e+00	2.75000e+00	2.08589e+01
3.00000e+00	3.25000e+00	2.20521e+01
3.00000e+00	3.75000e+00	2.30249e+01
3.00000e+00	4.25000e+00	2.37184e+01
3.00000e+00	4.75000e+00	2.41458e+01
3.00000e+00	5.25000e+00	2.43586e+01
3.00000e+00	5.75000e+00	2.44186e+01
3.00000e+00	6.25000e+00	2.43824e+01
3.00000e+00	6.75000e+00	2.42945e+01
3.00000e+00	7.25000e+00	2.41862e+01
3.00000e+00	7.75000e+00	2.40778e+01
3.00000e+00	8.25000e+00	2.39814e+01
3.00000e+00	8.75000e+00	2.39037e+01
3.00000e+00	9.25000e+00	2.38476e+01
3.00000e+00	9.75000e+00	2.38161e+01
3.00000e+00	1.00000e+01	2.22222e+01

3.50000e+00	0.00000e+00	2.22222e+01
3.50000e+00	2.50000e-01	1.44530e+01
3.50000e+00	7.50000e-01	1.49081e+01
3.50000e+00	1.25000e+00	1.56795e+01
3.50000e+00	1.75000e+00	1.68860e+01
3.50000e+00	2.25000e+00	1.85366e+01
3.50000e+00	2.75000e+00	2.04597e+01
3.50000e+00	3.25000e+00	2.22389e+01
3.50000e+00	3.75000e+00	2.36181e+01
3.50000e+00	4.25000e+00	2.45394e+01
3.50000e+00	4.75000e+00	2.50599e+01
3.50000e+00	5.25000e+00	2.52788e+01
3.50000e+00	5.75000e+00	2.52962e+01
3.50000e+00	6.25000e+00	2.51954e+01
3.50000e+00	6.75000e+00	2.50378e+01
3.50000e+00	7.25000e+00	2.48641e+01
3.50000e+00	7.75000e+00	2.46994e+01
3.50000e+00	8.25000e+00	2.45578e+01
3.50000e+00	8.75000e+00	2.44462e+01
3.50000e+00	9.25000e+00	2.43664e+01
3.50000e+00	9.75000e+00	2.43231e+01
3.50000e+00	1.00000e+01	2.22222e+01

4.00000e+00	0.00000e+00	2.22222e+01
4.00000e+00	2.50000e-01	1.17121e+01
4.00000e+00	7.50000e-01	1.22172e+01
4.00000e+00	1.25000e+00	1.31625e+01
4.00000e+00	1.75000e+00	1.47391e+01
4.00000e+00	2.25000e+00	1.71027e+01
4.00000e+00	2.75000e+00	2.01101e+01
4.00000e+00	3.25000e+00	2.27447e+01
4.00000e+00	3.75000e+00	2.46128e+01
4.00000e+00	4.25000e+00	2.57399e+01
4.00000e+00	4.75000e+00	2.62932e+01
4.00000e+00	5.25000e+00	2.64537e+01
4.00000e+00	5.75000e+00	2.63728e+01
4.00000e+00	6.25000e+00	2.61635e+01
4.00000e+00	6.75000e+00	2.59029e+01
4.00000e+00	7.25000e+00	2.56396e+01
4.00000e+00	7.75000e+00	2.54014e+01
4.00000e+00	8.25000e+00	2.52025e+01
4.00000e+00	8.75000e+00	2.50491e+01
4.00000e+00	9.25000e+00	2.49413e+01
4.00000e+00	9.75000e+00	2.48833e+01
4.00000e+00	1.00000e+01	2.22222e+01

4.50000e+00	0.00000e+00	2.22222e+01
4.50000e+00	2.50000e-01	8.39995e+00
4.50000e+00	7.50000e-01	8.87591e+00
4.50000e+00	1.25000e+00	9.87012e+00
4.50000e+00	1.75000e+00	1.16924e+01
4.50000e+00	2.25000e+00	1.49341e+01
4.50000e+00	2.75000e+00	2.00344e+01
4.50000e+00	3.25000e+00	2.39224e+01
4.50000e+00	3.75000e+00	2.62741e+01
4.50000e+00	4.25000e+00	2.74727e+01
4.50000e+00	4.75000e+00	2.79186e+01
4.50000e+00	5.25000e+00	2.79102e+01
4.50000e+00	5.75000e+00	2.76522e+01
4.50000e+00	6.25000e+00	2.72800e+01
4.50000e+00	6.75000e+00	2.68793e+01
4.50000e+00	7.25000e+00	2.65009e+01
4.50000e+00	7.75000e+00	2.61720e+01
4.50000e+00	8.25000e+00	2.59044e+01
4.50000e+00	8.75000e+00	2.57018e+01
4.50000e+00	9.25000e+00	2.55618e+01
4.50000e+00	9.75000e+00	2.54870e+01
4.50000e+00	1.00000e+01	2.22222e+01

5.00000e+00	0.00000e+00	2.22222e+01
5.00000e+00	2.50000e-01	4.54420e+00
5.00000e+00	7.50000e-01	4.83718e+00
5.00000e+00	1.25000e+00	5.58558e+00
5.00000e+00	1.75000e+00	7.02390e+00
5.00000e+00	2.25000e+00	1.06419e+01
5.00000e+00	2.75000e+00	2.11589e+01
5.00000e+00	3.25000e+00	2.66427e+01
5.00000e+00	3.75000e+00	2.90684e+01
5.00000e+00	4.25000e+00	2.99309e+01
5.00000e+00	4.75000e+00	2.99922e+01
5.00000e+00	5.25000e+00	2.96457e+01
5.00000e+00	5.75000e+00	2.91113e+01
5.00000e+00	6.25000e+00	2.85186e+01
5.00000e+00	6.75000e+00	2.79434e+01
5.00000e+00	7.25000e+00	2.74280e+01
5.00000e+00	7.75000e+00	2.69940e+01
5.00000e+00	8.25000e+00	2.66485e+01
5.00000e+00	8.75000e+00	2.63909e+01
5.00000e+00	9.25000e+00	2.62156e+01
5.00000e+00	9.75000e+00	2.61225e+01
5.00000e+00	1.00000e+01	2.22222e+01

5.50000e+00	0.00000e+00	2.22222e+01
5.50000e+00	2.50000e-01	1.14538e-27
5.50000e+00	7.50000e-01	1.13439e-27
5.50000e+00	1.25000e+00	1.10711e-27
5.50000e+00	1.75000e+00	1.06327e-27
5.50000e+00	2.25000e+00	9.95916e-28
5.50000e+00	2.75000e+00	2.71404e+01
5.50000e+00	3.25000e+00	3.24355e+01
5.50000e+00	3.75000e+00	3.35049e+01
5.50000e+00	4.25000e+00	3.32464e+01
5.50000e+00	4.75000e+00	3.25071e+01
5.50000e+00	5.25000e+00	3.16106e+01
5.50000e+00	5.75000e+00	3.06950e+01
5.50000e+00	6.25000e+00	2.98301e+01
5.50000e+00	6.75000e+00	2.90556e+01
5.50000e+00	7.25000e+00	2.83911e+01
5.50000e+00	7.75000e+00	2.78447e+01
5.50000e+00	8.25000e+00	2.74166e+01
5.50000e+00	8.75000e+00	2.71011e+01
5.50000e+00	9.25000e+00	2.68887e+01
5.50000e+00	9.75000e+00	2.67767e+01
5.50000e+00	1.00000e+01	2.22222e+01

6.00000e+00	0.00000e+00	2.22222e+01
6.00000e+00	2.50000e-01	-4.03059e-28
6.00000e+00	7.50000e-01	-4.03059e-28
6.00000e+00	1.25000e+00	-4.03059e-28
6.00000e+00	1.75000e+00	-4.03059e-28
6.00000e+00	2.25000e+00	-3.51897e-28
6.00000e+00	2.75000e+00	1.46723e+01
6.00000e+00	3.25000e+00	2.97307e+01
6.00000e+00	3.75000e+00	3.43279e+01
6.00000e+00	4.25000e+00	3.51622e+01
6.00000e+00	4.75000e+00	3.45374e+01
6.00000e+00	5.25000e+00	3.34259e+01
6.00000e+00	5.75000e+00	3.22366e+01
6.00000e+00	6.25000e+00	3.11298e+01
6.00000e+00	6.75000e+00	3.01637e+01
6.00000e+00	7.25000e+00	2.93538e+01
6.00000e+00	7.75000e+00	2.86977e+01
6.00000e+00	8.25000e+00	2.81883e+01
6.00000e+00	8.75000e+00	2.78155e+01
6.00000e+00	9.25000e+00	2.75666e+01
6.00000e+00	9.75000e+00	2.74360e+01
6.00000e+00	1.00000e+01	2.22222e+01

6.50000e+00	0.00000e+00	2.22222e+01
6.50000e+00	2.50000e-01	-4.63024e-29
6.50000e+00	7.50000e-01	-4.63024e-29
6.50000e+00	1.25000e+00	-4.63024e-29
6.50000e+00	1.75000e+00	-4.63024e-29
6.50000e+00	2.25000e+00	-1.24096e-29
6.50000e+00	2.75000e+00	8.68450e+00
6.50000e+00	3.25000e+00	2.53051e+01
6.50000e+00	3.75000e+00	3.33055e+01
6.50000e+00	4.25000e+00	3.57635e+01
6.50000e+00	4.75000e+00	3.58116e+01
6.50000e+00	5.25000e+00	3.48538e+01
6.50000e+00	5.75000e+00	3.35866e+01
6.50000e+00	6.25000e+00	3.23304e+01
6.50000e+00	6.75000e+00	3.12148e+01
6.50000e+00	7.25000e+00	3.02800e+01
6.50000e+00	7.75000e+00	2.95264e+01
6.50000e+00	8.25000e+00	2.89432e+01
6.50000e+00	8.75000e+00	2.85176e+01
6.50000e+00	9.25000e+00	2.82346e+01
6.50000e+00	9.75000e+00	2.80869e+01
6.50000e+00	1.00000e+01	2.22222e+01

7.00000e+00	0.00000e+00	2.22222e+01
7.00000e+00	2.50000e-01	-3.66973e-29
7.00000e+00	7.50000e-01	-3.66973e-29
7.00000e+00	1.25000e+00	-3.66973e-29
7.00000e+00	1.75000e+00	-3.66973e-29
7.00000e+00	2.25000e+00	-1.13822e-29
7.00000e+00	2.75000e+00	6.31876e+00
7.00000e+00	3.25000e+00	2.08235e+01
7.00000e+00	3.75000e+00	3.13721e+01
7.00000e+00	4.25000e+00	3.55187e+01
7.00000e+00	4.75000e+00	3.64360e+01
7.00000e+00	5.25000e+00	3.58541e+01
7.00000e+00	5.75000e+00	3.46770e+01
7.00000e+00	6.25000e+00	3.33752e+01
7.00000e+00	6.75000e+00	3.21682e+01
7.00000e+00	7.25000e+00	3.11403e+01
7.00000e+00	7.75000e+00	3.03083e+01
7.00000e+00	8.25000e+00	2.96634e+01
7.00000e+00	8.75000e+00	2.91923e+01
7.00000e+00	9.25000e+00	2.88797e+01
7.00000e+00	9.75000e+00	2.87169e+01
7.00000e+00	1.00000e+01	2.22222e+01

7.50000e+00	0.00000e+00	2.22222e+01
7.50000e+00	2.50000e-01	-2.71712e-29
7.50000e+00	7.50000e-01	-2.71712e-29
7.50000e+00	1.25000e+00	-2.71712e-29
7.50000e+00	1.75000e+00	-2.71712e-29
7.50000e+00	2.25000e+00	-4.23222e-30
7.50000e+00	2.75000e+00	5.55490e+00
7.50000e+00	3.25000e+00	1.74125e+01
7.50000e+00	3.75000e+00	2.88901e+01
7.50000e+00	4.25000e+00	3.48153e+01
7.50000e+00	4.75000e+00	3.66121e+01
7.50000e+00	5.25000e+00	3.64930e+01
7.50000e+00	5.75000e+00	3.55090e+01
7.50000e+00	6.25000e+00	3.42447e+01
7.50000e+00	6.75000e+00	3.30022e+01
7.50000e+00	7.25000e+00	3.19159e+01
7.50000e+00	7.75000e+00	3.10270e+01
7.50000e+00	8.25000e+00	3.03347e+01
7.50000e+00	8.75000e+00	2.98273e+01
7.50000e+00	9.25000e+00	2.94906e+01
7.50000e+00	9.75000e+00	2.93152e+01
7.50000e+00	1.00000e+01	2.22222e+01

8.00000e+00	0.00000e+00	2.22222e+01
8.00000e+00	2.50000e-01	-1.92765e-29
8.00000e+00	7.50000e-01	-1.92765e-29
8.00000e+00	1.25000e+00	-1.92765e-29
8.00000e+00	1.75000e+00	-1.92765e-29
8.00000e+00	2.25000e+00	3.48945e-30
8.00000e+00	2.75000e+00	5.37215e+00
8.00000e+00	3.25000e+00	1.51807e+01
8.00000e+00	3.75000e+00	2.63998e+01
8.00000e+00	4.25000e+00	3.37817e+01
8.00000e+00	4.75000e+00	3.65048e+01
8.00000e+00	5.25000e+00	3.68639e+01
8.00000e+00	5.75000e+00	3.61198e+01
8.00000e+00	6.25000e+00	3.49458e+01
8.00000e+00	6.75000e+00	3.37116e+01
8.00000e+00	7.25000e+00	3.25979e+01
8.00000e+00	7.75000e+00	3.16732e+01
8.00000e+00	8.25000e+00	3.09478e+01
8.00000e+00	8.75000e+00	3.04135e+01
8.00000e+00	9.25000e+00	3.00582e+01
8.00000e+00	9.75000e+00	2.98735e+01
8.00000e+00	1.00000e+01	2.22222e+01

8.50000e+00	0.00000e+00	2.22222e+01
8.50000e+00	2.50000e-01	-1.28694e-29
8.50000e+00	7.50000e-01	-1.28694e-29
8.50000e+00	1.25000e+00	-1.28694e-29
8.50000e+00	1.75000e+00	-1.28694e-29
8.50000e+00	2.25000e+00	1.01024e-29
8.50000e+00	2.75000e+00	5.38405e+00
8.50000e+00	3.25000e+00	1.38415e+01
8.50000e+00	3.75000e+00	2.42495e+01
8.50000e+00	4.25000e+00	3.24992e+01
8.50000e+00	4.75000e+00	3.62271e+01
8.50000e+00	5.25000e+00	3.70499e+01
8.50000e+00	5.75000e+00	3.65563e+01
8.50000e+00	6.25000e+00	3.54998e+01
8.50000e+00	6.75000e+00	3.43029e+01
8.50000e+00	7.25000e+00	3.31860e+01
8.50000e+00	7.75000e+00	3.22431e+01
8.50000e+00	8.25000e+00	3.14975e+01
8.50000e+00	8.75000e+00	3.09452e+01
8.50000e+00	9.25000e+00	3.05766e+01
8.50000e+00	9.75000e+00	3.03859e+01
8.50000e+00	1.00000e+01	2.22222e+01

9.00000e+00	0.00000e+00	2.22222e+01
9.00000e+00	2.50000e-01	-9.32103e-30
9.00000e+00	7.50000e-01	-9.32103e-30
9.00000e+00	1.25000e+00	-9.32103e-30
9.00000e+00	1.75000e+00	-9.32103e-30
9.00000e+00	2.25000e+00	1.46793e-29
9.00000e+00	2.75000e+00	5.46697e+00
9.00000e+00	3.25000e+00	1.30735e+01
9.00000e+00	3.75000e+00	2.25514e+01
9.00000e+00	4.25000e+00	3.11293e+01
9.00000e+00	4.75000e+00	3.58127e+01
9.00000e+00	5.25000e+00	3.71133e+01
9.00000e+00	5.75000e+00	3.68625e+01
9.00000e+00	6.25000e+00	3.59317e+01
9.00000e+00	6.75000e+00	3.47883e+01
9.00000e+00	7.25000e+00	3.36848e+01
9.00000e+00	7.75000e+00	3.27376e+01
9.00000e+00	8.25000e+00	3.19822e+01
9.00000e+00	8.75000e+00	3.14193e+01
9.00000e+00	9.25000e+00	3.10425e+01
9.00000e+00	9.75000e+00	3.08484e+01
9.00000e+00	1.00000e+01	2.22222e+01

9.50000e+00	0.00000e+00	2.22222e+01
9.50000e+00	2.50000e-01	-6.75700e-30
9.50000e+00	7.50000e-01	-6.75700e-30
9.50000e+00	1.25000e+00	-6.75700e-30
9.50000e+00	1.75000e+00	-6.75700e-30
9.50000e+00	2.25000e+00	1.87482e-29
9.50000e+00	2.75000e+00	5.58461e+00
9.50000e+00	3.25000e+00	1.26508e+01
9.50000e+00	3.75000e+00	2.12887e+01
9.50000e+00	4.25000e+00	2.98125e+01
9.50000e+00	4.75000e+00	3.52750e+01
9.50000e+00	5.25000e+00	3.70979e+01
9.50000e+00	5.75000e+00	3.70739e+01
9.50000e+00	6.25000e+00	3.62653e+01
9.50000e+00	6.75000e+00	3.51819e+01
9.50000e+00	7.25000e+00	3.41019e+01
9.50000e+00	7.75000e+00	3.31599e+01
9.50000e+00	8.25000e+00	3.24027e+01
9.50000e+00	8.75000e+00	3.18354e+01
9.50000e+00	9.25000e+00	3.14547e+01
9.50000e+00	9.75000e+00	3.12592e+01
9.50000e+00	1.00000e+01	2.22222e+01

1.00000e+01	0.00000e+00	2.22222e+01
1.00000e+01	2.50000e-01	-4.83501e-30
1.00000e+01	7.50000e-01	-4.83501e-30
1.00000e+01	1.25000e+00	-4.83501e-30
1.00000e+01	1.75000e+00	-4.83501e-30
1.00000e+01	2.25000e+00	2.24919e-29
1.00000e+01	2.75000e+00	5.72641e+00
1.00000e+01	3.25000e+00	1.24412e+01
1.00000e+01	3.75000e+00	2.03913e+01
1.00000e+01	4.25000e+00	2.86324e+01
1.00000e+01	4.75000e+00	3.46480e+01
1.00000e+01	5.25000e+00	3.70236e+01
1.00000e+01	5.75000e+00	3.72155e+01
1.00000e+01	6.25000e+00	3.65199e+01
1.00000e+01	6.75000e+00	3.54969e+01
1.00000e+01	7.25000e+00	3.44455e+01
1.00000e+01	7.75000e+00	3.35152e+01
1.00000e+01	8.25000e+00	3.27618e+01
1.00000e+01	8.75000e+00	3.21947e+01
1.00000e+01	9.25000e+00	3.18138e+01
1.00000e+01	9.75000e+00	3.16182e+01
1.00000e+01	1.00000e+01	2.22222e+01

1.05000e+01	0.00000e+00	2.22222e+01
1.05000e+01	2.50000e-01	-3.36163e-30
1.05000e+01	7.50000e-01	-3.36163e-30
1.05000e+01	1.25000e+00	-3.36163e-30
1.05000e+01	1.75000e+00	-3.36163e-30
1.05000e+01	2.25000e+00	2.60053e-29
1.05000e+01	2.75000e+00	5.89527e+00
1.05000e+01	3.25000e+00	1.23747e+01
1.05000e+01	3.75000e+00	1.97776e+01
1.05000e+01	4.25000e+00	2.76273e+01
1.05000e+01	4.75000e+00	3.39765e+01
1.05000e+01	5.25000e+00	3.68893e+01
1.05000e+01	5.75000e+00	3.73052e+01
1.05000e+01	6.25000e+00	3.67109e+01
1.05000e+01	6.75000e+00	3.57447e+01
1.05000e+01	7.25000e+00	3.47237e+01
1.05000e+01	7.75000e+00	3.38088e+01
1.05000e+01	8.25000e+00	3.30624e+01
1.05000e+01	8.75000e+00	3.25002e+01
1.05000e+01	9.25000e+00	3.21213e+01
1.05000e+01	9.75000e+00	3.19266e+01
1.05000e+01	1.00000e+01	2.22222e+01

1.10000e+01	0.00000e+00	2.22222e+01
1.10000e+01	2.50000e-01	1.38884e-29
1.10000e+01	7.50000e-01	1.24434e-29
1.10000e+01	1.25000e+00	7.60042e-30
1.10000e+01	1.75000e+00	9.62385e-31
1.10000e+01	2.25000e+00	2.67907e-29
1.10000e+01	2.75000e+00	6.11691e+00
1.10000e+01	3.25000e+00	1.24173e+01
1.10000e+01	3.75000e+00	1.93717e+01
1.10000e+01	4.25000e+00	2.67992e+01
1.10000e+01	4.75000e+00	3.32890e+01
1.10000e+01	5.25000e+00	3.66956e+01
1.10000e+01	5.75000e+00	3.73526e+01
1.10000e+01	6.25000e+00	3.68485e+01
1.10000e+01	6.75000e+00	3.59342e+01
1.10000e+01	7.25000e+00	3.49435e+01
1.10000e+01	7.75000e+00	3.40460e+01
1.10000e+01	8.25000e+00	3.33088e+01
1.10000e+01	8.75000e+00	3.27550e+01
1.10000e+01	9.25000e+00	3.23797e+01
1.10000e+01	9.75000e+00	3.21864e+01
1.10000e+01	1.00000e+01	2.22222e+01

1.15000e+01	0.00000e+00	2.22222e+01
1.15000e+01	2.50000e-01	-2.52539e-29
1.15000e+01	7.50000e-01	-2.83545e-29
1.15000e+01	1.25000e+00	-1.77221e-29
1.15000e+01	1.75000e+00	9.35284e-32
1.15000e+01	2.25000e+00	6.29576e-29
1.15000e+01	2.75000e+00	6.48119e+00
1.15000e+01	3.25000e+00	1.25303e+01
1.15000e+01	3.75000e+00	1.90926e+01
1.15000e+01	4.25000e+00	2.61168e+01
1.15000e+01	4.75000e+00	3.26028e+01
1.15000e+01	5.25000e+00	3.64449e+01
1.15000e+01	5.75000e+00	3.73594e+01
1.15000e+01	6.25000e+00	3.69402e+01
1.15000e+01	6.75000e+00	3.60727e+01
1.15000e+01	7.25000e+00	3.51113e+01
1.15000e+01	7.75000e+00	3.42311e+01
1.15000e+01	8.25000e+00	3.35063e+01
1.15000e+01	8.75000e+00	3.29626e+01
1.15000e+01	9.25000e+00	3.25918e+01
1.15000e+01	9.75000e+00	3.24003e+01
1.15000e+01	1.00000e+01	2.22222e+01

1.20000e+01	0.00000e+00	2.22222e+01
1.20000e+01	2.50000e-01	-8.15704e-01
1.20000e+01	7.50000e-01	-5.01319e-01
1.20000e+01	1.25000e+00	-1.85296e-01
1.20000e+01	1.75000e+00	3.28878e-01
1.20000e+01	2.25000e+00	1.76891e+00
1.20000e+01	2.75000e+00	6.74414e+00
1.20000e+01	3.25000e+00	1.25018e+01
1.20000e+01	3.75000e+00	1.88088e+01
1.20000e+01	4.25000e+00	2.55231e+01
1.20000e+01	4.75000e+00	3.19274e+01
1.20000e+01	5.25000e+00	3.61392e+01
1.20000e+01	5.75000e+00	3.73267e+01
1.20000e+01	6.25000e+00	3.69918e+01
1.20000e+01	6.75000e+00	3.61662e+01
1.20000e+01	7.25000e+00	3.52323e+01
1.20000e+01	7.75000e+00	3.43693e+01
1.20000e+01	8.25000e+00	3.36592e+01
1.20000e+01	8.75000e+00	3.31265e+01
1.20000e+01	9.25000e+00	3.27610e+01
1.20000e+01	9.75000e+00	3.25715e+01
1.20000e+01	1.00000e+01	2.22222e+01

1.25000e+01	0.00000e+00	2.22222e+01
1.25000e+01	2.50000e-01	-1.87663e+00
1.25000e+01	7.50000e-01	-9.12993e-01
1.25000e+01	1.25000e+00	-1.87932e-01
1.25000e+01	1.75000e+00	9.29683e-01
1.25000e+01	2.25000e+00	3.09043e+00
1.25000e+01	2.75000e+00	7.28353e+00
1.25000e+01	3.25000e+00	1.25862e+01
1.25000e+01	3.75000e+00	1.85819e+01
1.25000e+01	4.25000e+00	2.50102e+01
1.25000e+01	4.75000e+00	3.12788e+01
1.25000e+01	5.25000e+00	3.57846e+01
1.25000e+01	5.75000e+00	3.72561e+01
1.25000e+01	6.25000e+00	3.70084e+01
1.25000e+01	6.75000e+00	3.62197e+01
1.25000e+01	7.25000e+00	3.53106e+01
1.25000e+01	7.75000e+00	3.44663e+01
1.25000e+01	8.25000e+00	3.37715e+01
1.25000e+01	8.75000e+00	3.32504e+01
1.25000e+01	9.25000e+00	3.28906e+01
1.25000e+01	9.75000e+00	3.27032e+01
1.25000e+01	1.00000e+01	2.22222e+01

1.30000e+01	0.00000e+00	2.22222e+01
1.30000e+01	2.50000e-01	-2.66278e+00
1.30000e+01	7.50000e-01	-1.19376e+00
1.30000e+01	1.25000e+00	-9.66975e-02
1.30000e+01	1.75000e+00	1.48447e+00
1.30000e+01	2.25000e+00	3.99400e+00
1.30000e+01	2.75000e+00	7.85080e+00
1.30000e+01	3.25000e+00	1.27665e+01
1.30000e+01	3.75000e+00	1.84347e+01
1.30000e+01	4.25000e+00	2.45775e+01
1.30000e+01	4.75000e+00	3.06717e+01
1.30000e+01	5.25000e+00	3.53902e+01
1.30000e+01	5.75000e+00	3.71509e+01
1.30000e+01	6.25000e+00	3.69929e+01
1.30000e+01	6.75000e+00	3.62380e+01
1.30000e+01	7.25000e+00	3.53519e+01
1.30000e+01	7.75000e+00	3.45264e+01
1.30000e+01	8.25000e+00	3.38470e+01
1.30000e+01	8.75000e+00	3.33379e+01
1.30000e+01	9.25000e+00	3.29840e+01
1.30000e+01	9.75000e+00	3.27988e+01
1.30000e+01	1.00000e+01	2.22222e+01

1.35000e+01	0.00000e+00	2.22222e+01
1.35000e+01	2.50000e-01	-3.05579e+00
1.35000e+01	7.50000e-01	-1.33214e+00
1.35000e+01	1.25000e+00	2.76343e-02
1.35000e+01	1.75000e+00	1.92205e+00
1.35000e+01	2.25000e+00	4.62566e+00
1.35000e+01	2.75000e+00	8.33980e+00
1.35000e+01	3.25000e+00	1.29780e+01
1.35000e+01	3.75000e+00	1.83505e+01
1.35000e+01	4.25000e+00	2.42165e+01
1.35000e+01	4.75000e+00	3.01146e+01
1.35000e+01	5.25000e+00	3.49657e+01
1.35000e+01	5.75000e+00	3.70140e+01
1.35000e+01	6.25000e+00	3.69494e+01
1.35000e+01	6.75000e+00	3.62252e+01
1.35000e+01	7.25000e+00	3.53608e+01
1.35000e+01	7.75000e+00	3.45536e+01
1.35000e+01	8.25000e+00	3.38898e+01
1.35000e+01	8.75000e+00	3.33927e+01
1.35000e+01	9.25000e+00	3.30448e+01
1.35000e+01	9.75000e+00	3.28617e+01
1.35000e+01	1.00000e+01	2.22222e+01

1.40000e+01	0.00000e+00	2.22222e+01
1.40000e+01	2.50000e-01	-3.13586e+00
1.40000e+01	7.50000e-01	-1.32577e+00
1.40000e+01	1.25000e+00	1.84959e-01
1.40000e+01	1.75000e+00	2.27144e+00
1.40000e+01	2.25000e+00	5.08834e+00
1.40000e+01	2.75000e+00	8.73458e+00
1.40000e+01	3.25000e+00	1.31791e+01
1.40000e+01	3.75000e+00	1.83034e+01
1.40000e+01	4.25000e+00	2.39134e+01
1.40000e+01	4.75000e+00	2.96089e+01
1.40000e+01	5.25000e+00	3.45211e+01
1.40000e+01	5.75000e+00	3.68474e+01
1.40000e+01	6.25000e+00	3.68815e+01
1.40000e+01	6.75000e+00	3.61855e+01
1.40000e+01	7.25000e+00	3.53413e+01
1.40000e+01	7.75000e+00	3.45519e+01
1.40000e+01	8.25000e+00	3.39034e+01
1.40000e+01	8.75000e+00	3.34182e+01
1.40000e+01	9.25000e+00	3.30762e+01
1.40000e+01	9.75000e+00	3.28953e+01
1.40000e+01	1.00000e+01	2.22222e+01

1.45000e+01	0.00000e+00	2.22222e+01
1.45000e+01	2.50000e-01	-3.00403e+00
1.45000e+01	7.50000e-01	-1.19609e+00
1.45000e+01	1.25000e+00	3.85106e-01
1.45000e+01	1.75000e+00	2.57552e+00
1.45000e+01	2.25000e+00	5.45082e+00
1.45000e+01	2.75000e+00	9.05147e+00
1.45000e+01	3.25000e+00	1.33535e+01
1.45000e+01	3.75000e+00	1.82733e+01
1.45000e+01	4.25000e+00	2.36535e+01
1.45000e+01	4.75000e+00	2.91514e+01
1.45000e+01	5.25000e+00	3.40657e+01
1.45000e+01	5.75000e+00	3.66531e+01
1.45000e+01	6.25000e+00	3.67930e+01
1.45000e+01	6.75000e+00	3.61225e+01
1.45000e+01	7.25000e+00	3.52971e+01
1.45000e+01	7.75000e+00	3.45249e+01
1.45000e+01	8.25000e+00	3.38913e+01
1.45000e+01	8.75000e+00	3.34179e+01
1.45000e+01	9.25000e+00	3.30815e+01
1.45000e+01	9.75000e+00	3.29028e+01
1.45000e+01	1.00000e+01	2.22222e+01

1.50000e+01	0.00000e+00	2.22222e+01
1.50000e+01	2.50000e-01	-2.73706e+00
1.50000e+01	7.50000e-01	-9.71407e-01
1.50000e+01	1.25000e+00	6.30471e-01
1.50000e+01	1.75000e+00	2.86491e+00
1.50000e+01	2.25000e+00	5.75784e+00
1.50000e+01	2.75000e+00	9.31314e+00
1.50000e+01	3.25000e+00	1.34999e+01
1.50000e+01	3.75000e+00	1.82482e+01
1.50000e+01	4.25000e+00	2.34247e+01
1.50000e+01	4.75000e+00	2.87363e+01
1.50000e+01	5.25000e+00	3.36078e+01
1.50000e+01	5.75000e+00	3.64325e+01
1.50000e+01	6.25000e+00	3.66868e+01
1.50000e+01	6.75000e+00	3.60396e+01
1.50000e+01	7.25000e+00	3.52317e+01
1.50000e+01	7.75000e+00	3.44759e+01
1.50000e+01	8.25000e+00	3.38569e+01
1.50000e+01	8.75000e+00	3.33949e+01
1.50000e+01	9.25000e+00	3.30640e+01
1.50000e+01	9.75000e+00	3.28874e+01
1.50000e+01	1.00000e+01	2.22222e+01

1.55000e+01	0.00000e+00	2.22222e+01
1.55000e+01	2.50000e-01	-2.38561e+00
1.55000e+01	7.50000e-01	-6.77321e-01
1.55000e+01	1.25000e+00	9.16648e-01
1.55000e+01	1.75000e+00	3.15624e+00
1.55000e+01	2.25000e+00	6.03696e+00
1.55000e+01	2.75000e+00	9.53933e+00
1.55000e+01	3.25000e+00	1.36232e+01
1.55000e+01	3.75000e+00	1.82225e+01
1.55000e+01	4.25000e+00	2.32181e+01
1.55000e+01	4.75000e+00	2.83569e+01
1.55000e+01	5.25000e+00	3.31541e+01
1.55000e+01	5.75000e+00	3.61872e+01
1.55000e+01	6.25000e+00	3.65659e+01
1.55000e+01	6.75000e+00	3.59400e+01
1.55000e+01	7.25000e+00	3.51482e+01
1.55000e+01	7.75000e+00	3.44081e+01
1.55000e+01	8.25000e+00	3.38032e+01
1.55000e+01	8.75000e+00	3.33522e+01
1.55000e+01	9.25000e+00	3.30265e+01
1.55000e+01	9.75000e+00	3.28521e+01
1.55000e+01	1.00000e+01	2.22222e+01

1.60000e+01	0.00000e+00	2.22222e+01
1.60000e+01	2.50000e-01	-1.98147e+00
1.60000e+01	7.50000e-01	-3.34129e-01
1.60000e+01	1.25000e+00	1.23614e+00
1.60000e+01	1.75000e+00	3.45646e+00
1.60000e+01	2.25000e+00	6.30398e+00
1.60000e+01	2.75000e+00	9.74449e+00
1.60000e+01	3.25000e+00	1.37302e+01
1.60000e+01	3.75000e+00	1.81947e+01
1.60000e+01	4.25000e+00	2.30276e+01
1.60000e+01	4.75000e+00	2.80067e+01
1.60000e+01	5.25000e+00	3.27099e+01
1.60000e+01	5.75000e+00	3.59190e+01
1.60000e+01	6.25000e+00	3.64326e+01
1.60000e+01	6.75000e+00	3.58266e+01
1.60000e+01	7.25000e+00	3.50496e+01
1.60000e+01	7.75000e+00	3.43246e+01
1.60000e+01	8.25000e+00	3.37333e+01
1.60000e+01	8.75000e+00	3.32928e+01
1.60000e+01	9.25000e+00	3.29719e+01
1.60000e+01	9.75000e+00	3.27996e+01
1.60000e+01	1.00000e+01	2.22222e+01

1.65000e+01	0.00000e+00	2.22222e+01
1.65000e+01	2.50000e-01	-1.54422e+00
1.65000e+01	7.50000e-01	4.28549e-02
1.65000e+01	1.25000e+00	1.58089e+00
1.65000e+01	1.75000e+00	3.76698e+00
1.65000e+01	2.25000e+00	6.56719e+00
1.65000e+01	2.75000e+00	9.93815e+00
1.65000e+01	3.25000e+00	1.38267e+01
1.65000e+01	3.75000e+00	1.81654e+01
1.65000e+01	4.25000e+00	2.28495e+01
1.65000e+01	4.75000e+00	2.76803e+01
1.65000e+01	5.25000e+00	3.22790e+01
1.65000e+01	5.75000e+00	3.56299e+01
1.65000e+01	6.25000e+00	3.62889e+01
1.65000e+01	6.75000e+00	3.57020e+01
1.65000e+01	7.25000e+00	3.49387e+01
1.65000e+01	7.75000e+00	3.42279e+01
1.65000e+01	8.25000e+00	3.36497e+01
1.65000e+01	8.75000e+00	3.32192e+01
1.65000e+01	9.25000e+00	3.29029e+01
1.65000e+01	9.75000e+00	3.27326e+01
1.65000e+01	1.00000e+01	2.22222e+01

1.70000e+01	0.00000e+00	2.22222e+01
1.70000e+01	2.50000e-01	-1.08611e+00
1.70000e+01	7.50000e-01	4.42162e-01
1.70000e+01	1.25000e+00	1.94354e+00
1.70000e+01	1.75000e+00	4.08651e+00
1.70000e+01	2.25000e+00	6.83033e+00
1.70000e+01	2.75000e+00	1.01261e+01
1.70000e+01	3.25000e+00	1.39173e+01
1.70000e+01	3.75000e+00	1.81359e+01
1.70000e+01	4.25000e+00	2.26815e+01
1.70000e+01	4.75000e+00	2.73732e+01
1.70000e+01	5.25000e+00	3.18634e+01
1.70000e+01	5.75000e+00	3.53221e+01
1.70000e+01	6.25000e+00	3.61361e+01
1.70000e+01	6.75000e+00	3.55692e+01
1.70000e+01	7.25000e+00	3.48180e+01
1.70000e+01	7.75000e+00	3.41208e+01
1.70000e+01	8.25000e+00	3.35550e+01
1.70000e+01	8.75000e+00	3.31340e+01
1.70000e+01	9.25000e+00	3.28219e+01
1.70000e+01	9.75000e+00	3.26536e+01
1.70000e+01	1.00000e+01	2.22222e+01

1.75000e+01	0.00000e+00	2.22222e+01
1.75000e+01	2.50000e-01	-6.15612e-01
1.75000e+01	7.50000e-01	8.55194e-01
1.75000e+01	1.25000e+00	2.31804e+00
1.75000e+01	1.75000e+00	4.41282e+00
1.75000e+01	2.25000e+00	7.09472e+00
1.75000e+01	2.75000e+00	1.03116e+01
1.75000e+01	3.25000e+00	1.40052e+01
1.75000e+01	3.75000e+00	1.81075e+01
1.75000e+01	4.25000e+00	2.25223e+01
1.75000e+01	4.75000e+00	2.70822e+01
1.75000e+01	5.25000e+00	3.14643e+01
1.75000e+01	5.75000e+00	3.49981e+01
1.75000e+01	6.25000e+00	3.59755e+01
1.75000e+01	6.75000e+00	3.54300e+01
1.75000e+01	7.25000e+00	3.46900e+01
1.75000e+01	7.75000e+00	3.40053e+01
1.75000e+01	8.25000e+00	3.34515e+01
1.75000e+01	8.75000e+00	3.30395e+01
1.75000e+01	9.25000e+00	3.27313e+01
1.75000e+01	9.75000e+00	3.25650e+01
1.75000e+01	1.00000e+01	2.22222e+01

1.80000e+01	0.00000e+00	2.22222e+01
1.80000e+01	2.50000e-01	-1.42127e-01
1.80000e+01	7.50000e-01	1.27730e+00
1.80000e+01	1.25000e+00	2.70041e+00
1.80000e+01	1.75000e+00	4.74381e+00
1.80000e+01	2.25000e+00	7.36043e+00
1.80000e+01	2.75000e+00	1.04964e+01
1.80000e+01	3.25000e+00	1.40925e+01
1.80000e+01	3.75000e+00	1.80814e+01
1.80000e+01	4.25000e+00	2.23711e+01
1.80000e+01	4.75000e+00	2.68048e+01
1.80000e+01	5.25000e+00	3.10817e+01
1.80000e+01	5.75000e+00	3.46604e+01
1.80000e+01	6.25000e+00	3.58080e+01
1.80000e+01	6.75000e+00	3.52864e+01
1.80000e+01	7.25000e+00	3.45569e+01
1.80000e+01	7.75000e+00	3.38839e+01
1.80000e+01	8.25000e+00	3.33414e+01
1.80000e+01	8.75000e+00	3.29378e+01
1.80000e+01	9.25000e+00	3.26332e+01
1.80000e+01	9.75000e+00	3.24688e+01
1.80000e+01	1.00000e+01	2.22222e+01

1.85000e+01	0.00000e+00	2.22222e+01
1.85000e+01	2.50000e-01	3.29986e-01
1.85000e+01	7.50000e-01	1.70351e+00
1.85000e+01	1.25000e+00	3.08651e+00
1.85000e+01	1.75000e+00	5.07704e+00
1.85000e+01	2.25000e+00	7.62679e+00
1.85000e+01	2.75000e+00	1.06809e+01
1.85000e+01	3.25000e+00	1.41802e+01
1.85000e+01	3.75000e+00	1.80584e+01
1.85000e+01	4.25000e+00	2.22273e+01
1.85000e+01	4.75000e+00	2.65394e+01
1.85000e+01	5.25000e+00	3.07151e+01
1.85000e+01	5.75000e+00	3.43118e+01
1.85000e+01	6.25000e+00	3.56339e+01
1.85000e+01	6.75000e+00	3.51403e+01
1.85000e+01	7.25000e+00	3.44206e+01
1.85000e+01	7.75000e+00	3.37583e+01
1.85000e+01	8.25000e+00	3.32267e+01
1.85000e+01	8.75000e+00	3.28310e+01
1.85000e+01	9.25000e+00	3.25296e+01
1.85000e+01	9.75000e+00	3.23671e+01
1.85000e+01	1.00000e+01	2.22222e+01

1.90000e+01	0.00000e+00	2.22222e+01
1.90000e+01	2.50000e-01	8.00294e-01
1.90000e+01	7.50000e-01	2.12832e+00
1.90000e+01	1.25000e+00	3.47224e+00
1.90000e+01	1.75000e+00	5.41002e+00
1.90000e+01	2.25000e+00	7.89266e+00
1.90000e+01	2.75000e+00	1.08652e+01
1.90000e+01	3.25000e+00	1.42688e+01
1.90000e+01	3.75000e+00	1.80388e+01
1.90000e+01	4.25000e+00	2.20905e+01
1.90000e+01	4.75000e+00	2.62849e+01
1.90000e+01	5.25000e+00	3.03637e+01
1.90000e+01	5.75000e+00	3.39552e+01
1.90000e+01	6.25000e+00	3.54532e+01
1.90000e+01	6.75000e+00	3.49933e+01
1.90000e+01	7.25000e+00	3.42828e+01
1.90000e+01	7.75000e+00	3.36304e+01
1.90000e+01	8.25000e+00	3.31091e+01
1.90000e+01	8.75000e+00	3.27208e+01
1.90000e+01	9.25000e+00	3.24225e+01
1.90000e+01	9.75000e+00	3.22618e+01
1.90000e+01	1.00000e+01	2.22222e+01

1.95000e+01	0.00000e+00	2.22222e+01
1.95000e+01	2.50000e-01	1.26550e+00
1.95000e+01	7.50000e-01	2.54940e+00
1.95000e+01	1.25000e+00	3.85517e+00
1.95000e+01	1.75000e+00	5.74078e+00
1.95000e+01	2.25000e+00	8.15684e+00
1.95000e+01	2.75000e+00	1.10486e+01
1.95000e+01	3.25000e+00	1.43582e+01
1.95000e+01	3.75000e+00	1.80225e+01
1.95000e+01	4.25000e+00	2.19603e+01
1.95000e+01	4.75000e+00	2.60404e+01
1.95000e+01	5.25000e+00	3.00264e+01
1.95000e+01	5.75000e+00	3.35935e+01
1.95000e+01	6.25000e+00	3.52653e+01
1.95000e+01	6.75000e+00	3.48470e+01
1.95000e+01	7.25000e+00	3.41449e+01
1.95000e+01	7.75000e+00	3.35020e+01
1.95000e+01	8.25000e+00	3.29905e+01
1.95000e+01	8.75000e+00	3.26091e+01
1.95000e+01	9.25000e+00	3.23135e+01
1.95000e+01	9.75000e+00	3.21545e+01
1.95000e+01	1.00000e+01	2.22222e+01

2.00000e+01	0.00000e+00	2.22222e+01
2.00000e+01	2.50000e-01	1.72190e+00
2.00000e+01	7.50000e-01	2.96524e+00
2.00000e+01	1.25000e+00	4.23377e+00
2.00000e+01	1.75000e+00	6.06787e+00
2.00000e+01	2.25000e+00	8.41821e+00
2.00000e+01	2.75000e+00	1.12306e+01
2.00000e+01	3.25000e+00	1.44482e+01
2.00000e+01	3.75000e+00	1.80093e+01
2.00000e+01	4.25000e+00	2.18362e+01
2.00000e+01	4.75000e+00	2.58057e+01
2.00000e+01	5.25000e+00	2.97020e+01
2.00000e+01	5.75000e+00	3.32292e+01
2.00000e+01	6.25000e+00	3.50697e+01
2.00000e+01	6.75000e+00	3.47027e+01
2.00000e+01	7.25000e+00	3.40084e+01
2.00000e+01	7.75000e+00	3.33746e+01
2.00000e+01	8.25000e+00	3.28723e+01
2.00000e+01	8.75000e+00	3.24974e+01
2.00000e+01	9.25000e+00	3.22042e+01
2.00000e+01	9.75000e+00	3.20470e+01
2.00000e+01	1.00000e+01	2.22222e+01

2.05000e+01	0.00000e+00	2.22222e+01
2.05000e+01	2.50000e-01	2.16793e+00
2.05000e+01	7.50000e-01	3.37381e+00
2.05000e+01	1.25000e+00	4.60632e+00
2.05000e+01	1.75000e+00	6.38988e+00
2.05000e+01	2.25000e+00	8.67568e+00
2.05000e+01	2.75000e+00	1.14104e+01
2.05000e+01	3.25000e+00	1.45380e+01
2.05000e+01	3.75000e+00	1.79987e+01
2.05000e+01	4.25000e+00	2.17179e+01
2.05000e+01	4.75000e+00	2.55801e+01
2.05000e+01	5.25000e+00	2.93893e+01
2.05000e+01	5.75000e+00	3.28653e+01
2.05000e+01	6.25000e+00	3.48653e+01
2.05000e+01	6.75000e+00	3.45618e+01
2.05000e+01	7.25000e+00	3.38746e+01
2.05000e+01	7.75000e+00	3.32495e+01
2.05000e+01	8.25000e+00	3.27561e+01
2.05000e+01	8.75000e+00	3.23871e+01
2.05000e+01	9.25000e+00	3.20962e+01
2.05000e+01	9.75000e+00	3.19406e+01
2.05000e+01	1.00000e+01	2.22222e+01

2.10000e+01	0.00000e+00	2.22222e+01
2.10000e+01	2.50000e-01	2.60267e+00
2.10000e+01	7.50000e-01	3.77347e+00
2.10000e+01	1.25000e+00	4.97123e+00
2.10000e+01	1.75000e+00	6.70543e+00
2.10000e+01	2.25000e+00	8.92812e+00
2.10000e+01	2.75000e+00	1.15869e+01
2.10000e+01	3.25000e+00	1.46270e+01
2.10000e+01	3.75000e+00	1.79901e+01
2.10000e+01	4.25000e+00	2.16048e+01
2.10000e+01	4.75000e+00	2.53633e+01
2.10000e+01	5.25000e+00	2.90874e+01
2.10000e+01	5.75000e+00	3.25040e+01
2.10000e+01	6.25000e+00	3.46511e+01
2.10000e+01	6.75000e+00	3.44254e+01
2.10000e+01	7.25000e+00	3.37447e+01
2.10000e+01	7.75000e+00	3.31282e+01
2.10000e+01	8.25000e+00	3.26431e+01
2.10000e+01	8.75000e+00	3.22797e+01
2.10000e+01	9.25000e+00	3.19909e+01
2.10000e+01	9.75000e+00	3.18369e+01
2.10000e+01	1.00000e+01	2.22222e+01

2.15000e+01	0.00000e+00	2.22222e+01
2.15000e+01	2.50000e-01	3.02537e+00
2.15000e+01	7.50000e-01	4.16291e+00
2.15000e+01	1.25000e+00	5.32709e+00
2.15000e+01	1.75000e+00	7.01326e+00
2.15000e+01	2.25000e+00	9.17442e+00
2.15000e+01	2.75000e+00	1.17593e+01
2.15000e+01	3.25000e+00	1.47143e+01
2.15000e+01	3.75000e+00	1.79829e+01
2.15000e+01	4.25000e+00	2.14966e+01
2.15000e+01	4.75000e+00	2.51549e+01
2.15000e+01	5.25000e+00	2.87954e+01
2.15000e+01	5.75000e+00	3.21477e+01
2.15000e+01	6.25000e+00	3.44263e+01
2.15000e+01	6.75000e+00	3.42945e+01
2.15000e+01	7.25000e+00	3.36198e+01
2.15000e+01	7.75000e+00	3.30118e+01
2.15000e+01	8.25000e+00	3.25347e+01
2.15000e+01	8.75000e+00	3.21765e+01
2.15000e+01	9.25000e+00	3.18895e+01
2.15000e+01	9.75000e+00	3.17371e+01
2.15000e+01	1.00000e+01	2.22222e+01

2.20000e+01	0.00000e+00	2.22222e+01
2.20000e+01	2.50000e-01	3.43534e+00
2.20000e+01	7.50000e-01	4.54101e+00
2.20000e+01	1.25000e+00	5.67269e+00
2.20000e+01	1.75000e+00	7.31217e+00
2.20000e+01	2.25000e+00	9.41352e+00
2.20000e+01	2.75000e+00	1.19267e+01
2.20000e+01	3.25000e+00	1.47993e+01
2.20000e+01	3.75000e+00	1.79765e+01
2.20000e+01	4.25000e+00	2.13929e+01
2.20000e+01	4.75000e+00	2.49546e+01
2.20000e+01	5.25000e+00	2.85124e+01
2.20000e+01	5.75000e+00	3.17983e+01
2.20000e+01	6.25000e+00	3.41903e+01
2.20000e+01	6.75000e+00	3.41697e+01
2.20000e+01	7.25000e+00	3.35011e+01
2.20000e+01	7.75000e+00	3.29015e+01
2.20000e+01	8.25000e+00	3.24320e+01
2.20000e+01	8.75000e+00	3.20786e+01
2.20000e+01	9.25000e+00	3.17934e+01
2.20000e+01	9.75000e+00	3.16425e+01
2.20000e+01	1.00000e+01	2.22222e+01

2.25000e+01	0.00000e+00	2.22222e+01
2.25000e+01	2.50000e-01	3.83192e+00
2.25000e+01	7.50000e-01	4.90671e+00
2.25000e+01	1.25000e+00	6.00684e+00
2.25000e+01	1.75000e+00	7.60100e+00
2.25000e+01	2.25000e+00	9.64434e+00
2.25000e+01	2.75000e+00	1.20881e+01
2.25000e+01	3.25000e+00	1.48811e+01
2.25000e+01	3.75000e+00	1.79703e+01
2.25000e+01	4.25000e+00	2.12930e+01
2.25000e+01	4.75000e+00	2.47617e+01
2.25000e+01	5.25000e+00	2.82380e+01
2.25000e+01	5.75000e+00	3.14575e+01
2.25000e+01	6.25000e+00	3.39431e+01
2.25000e+01	6.75000e+00	3.40511e+01
2.25000e+01	7.25000e+00	3.33900e+01
2.25000e+01	7.75000e+00	3.27984e+01
2.25000e+01	8.25000e+00	3.23362e+01
2.25000e+01	8.75000e+00	3.19873e+01
2.25000e+01	9.25000e+00	3.17037e+01
2.25000e+01	9.75000e+00	3.15542e+01
2.25000e+01	1.00000e+01	2.22222e+01

2.30000e+01	0.00000e+00	2.22222e+01
2.30000e+01	2.50000e-01	4.21439e+00
2.30000e+01	7.50000e-01	5.25895e+00
2.30000e+01	1.25000e+00	6.32838e+00
2.30000e+01	1.75000e+00	7.87856e+00
2.30000e+01	2.25000e+00	9.86577e+00
2.30000e+01	2.75000e+00	1.22425e+01
2.30000e+01	3.25000e+00	1.49590e+01
2.30000e+01	3.75000e+00	1.79637e+01
2.30000e+01	4.25000e+00	2.11966e+01
2.30000e+01	4.75000e+00	2.45759e+01
2.30000e+01	5.25000e+00	2.79718e+01
2.30000e+01	5.75000e+00	3.11267e+01
2.30000e+01	6.25000e+00	3.36851e+01
2.30000e+01	6.75000e+00	3.39387e+01
2.30000e+01	7.25000e+00	3.32877e+01
2.30000e+01	7.75000e+00	3.27038e+01
2.30000e+01	8.25000e+00	3.22484e+01
2.30000e+01	8.75000e+00	3.19037e+01
2.30000e+01	9.25000e+00	3.16214e+01
2.30000e+01	9.75000e+00	3.14734e+01
2.30000e+01	1.00000e+01	2.22222e+01

2.35000e+01	0.00000e+00	2.22222e+01
2.35000e+01	2.50000e-01	4.58195e+00
2.35000e+01	7.50000e-01	5.59651e+00
2.35000e+01	1.25000e+00	6.63596e+00
2.35000e+01	1.75000e+00	8.14355e+00
2.35000e+01	2.25000e+00	1.00767e+01
2.35000e+01	2.75000e+00	1.23890e+01
2.35000e+01	3.25000e+00	1.50322e+01
2.35000e+01	3.75000e+00	1.79561e+01
2.35000e+01	4.25000e+00	2.11034e+01
2.35000e+01	4.75000e+00	2.43969e+01
2.35000e+01	5.25000e+00	2.77139e+01
2.35000e+01	5.75000e+00	3.08073e+01
2.35000e+01	6.25000e+00	3.34173e+01
2.35000e+01	6.75000e+00	3.38322e+01
2.35000e+01	7.25000e+00	3.31953e+01
2.35000e+01	7.75000e+00	3.26188e+01
2.35000e+01	8.25000e+00	3.21697e+01
2.35000e+01	8.75000e+00	3.18289e+01
2.35000e+01	9.25000e+00	3.15478e+01
2.35000e+01	9.75000e+00	3.14010e+01
2.35000e+01	1.00000e+01	2.22222e+01

2.40000e+01	0.00000e+00	2.22222e+01
2.40000e+01	2.50000e-01	4.93360e+00
2.40000e+01	7.50000e-01	5.91788e+00
2.40000e+01	1.25000e+00	6.92797e+00
2.40000e+01	1.75000e+00	8.39445e+00
2.40000e+01	2.25000e+00	1.02757e+01
2.40000e+01	2.75000e+00	1.25266e+01
2.40000e+01	3.25000e+00	1.51000e+01
2.40000e+01	3.75000e+00	1.79471e+01
2.40000e+01	4.25000e+00	2.10132e+01
2.40000e+01	4.75000e+00	2.42245e+01
2.40000e+01	5.25000e+00	2.74646e+01
2.40000e+01	5.75000e+00	3.05004e+01
2.40000e+01	6.25000e+00	3.31418e+01
2.40000e+01	6.75000e+00	3.37311e+01
2.40000e+01	7.25000e+00	3.31142e+01
2.40000e+01	7.75000e+00	3.25446e+01
2.40000e+01	8.25000e+00	3.21014e+01
2.40000e+01	8.75000e+00	3.17638e+01
2.40000e+01	9.25000e+00	3.14837e+01
2.40000e+01	9.75000e+00	3.13380e+01
2.40000e+01	1.00000e+01	2.22222e+01

2.45000e+01	0.00000e+00	2.22222e+01
2.45000e+01	2.50000e-01	5.26803e+00
2.45000e+01	7.50000e-01	6.22101e+00
2.45000e+01	1.25000e+00	7.20227e+00
2.45000e+01	1.75000e+00	8.62935e+00
2.45000e+01	2.25000e+00	1.04614e+01
2.45000e+01	2.75000e+00	1.26542e+01
2.45000e+01	3.25000e+00	1.51617e+01
2.45000e+01	3.75000e+00	1.79366e+01
2.45000e+01	4.25000e+00	2.09257e+01
2.45000e+01	4.75000e+00	2.40589e+01
2.45000e+01	5.25000e+00	2.72248e+01
2.45000e+01	5.75000e+00	3.02072e+01
2.45000e+01	6.25000e+00	3.28614e+01
2.45000e+01	6.75000e+00	3.36345e+01
2.45000e+01	7.25000e+00	3.30458e+01
2.45000e+01	7.75000e+00	3.24825e+01
2.45000e+01	8.25000e+00	3.20444e+01
2.45000e+01	8.75000e+00	3.17095e+01
2.45000e+01	9.25000e+00	3.14299e+01
2.45000e+01	9.75000e+00	3.12851e+01
2.45000e+01	1.00000e+01	2.22222e+01

2.50000e+01	0.00000e+00	2.22222e+01
2.50000e+01	2.50000e-01	5.58334e+00
2.50000e+01	7.50000e-01	6.50302e+00
2.50000e+01	1.25000e+00	7.45595e+00
2.50000e+01	1.75000e+00	8.84581e+00
2.50000e+01	2.25000e+00	1.06320e+01
2.50000e+01	2.75000e+00	1.27709e+01
2.50000e+01	3.25000e+00	1.52172e+01
2.50000e+01	3.75000e+00	1.79245e+01
2.50000e+01	4.25000e+00	2.08417e+01
2.50000e+01	4.75000e+00	2.39009e+01
2.50000e+01	5.25000e+00	2.69959e+01
2.50000e+01	5.75000e+00	2.99292e+01
2.50000e+01	6.25000e+00	3.25800e+01
2.50000e+01	6.75000e+00	3.35414e+01
2.50000e+01	7.25000e+00	3.29917e+01
2.50000e+01	7.75000e+00	3.24338e+01
2.50000e+01	8.25000e+00	3.19999e+01
2.50000e+01	8.75000e+00	3.16669e+01
2.50000e+01	9.25000e+00	3.13873e+01
2.50000e+01	9.75000e+00	3.12431e+01
2.50000e+01	1.00000e+01	2.22222e+01

2.55000e+01	0.00000e+00	2.22222e+01
2.55000e+01	2.50000e-01	5.87664e+00
2.55000e+01	7.50000e-01	6.75966e+00
2.55000e+01	1.25000e+00	7.68491e+00
2.55000e+01	1.75000e+00	9.04060e+00
2.55000e+01	2.25000e+00	1.07855e+01
2.55000e+01	2.75000e+00	1.28758e+01
2.55000e+01	3.25000e+00	1.52663e+01
2.55000e+01	3.75000e+00	1.79117e+01
2.55000e+01	4.25000e+00	2.07620e+01
2.55000e+01	4.75000e+00	2.37521e+01
2.55000e+01	5.25000e+00	2.67802e+01
2.55000e+01	5.75000e+00	2.96683e+01
2.55000e+01	6.25000e+00	3.23024e+01
2.55000e+01	6.75000e+00	3.34511e+01
2.55000e+01	7.25000e+00	3.29535e+01
2.55000e+01	7.75000e+00	3.23999e+01
2.55000e+01	8.25000e+00	3.19687e+01
2.55000e+01	8.75000e+00	3.16366e+01
2.55000e+01	9.25000e+00	3.13562e+01
2.55000e+01	9.75000e+00	3.12123e+01
2.55000e+01	1.00000e+01	2.22222e+01

2.60000e+01	0.00000e+00	2.22222e+01
2.60000e+01	2.50000e-01	6.14322e+00
2.60000e+01	7.50000e-01	6.98464e+00
2.60000e+01	1.25000e+00	7.88339e+00
2.60000e+01	1.75000e+00	9.20956e+00
2.60000e+01	2.25000e+00	1.09197e+01
2.60000e+01	2.75000e+00	1.29683e+01
2.60000e+01	3.25000e+00	1.53100e+01
2.60000e+01	3.75000e+00	1.78998e+01
2.60000e+01	4.25000e+00	2.06891e+01
2.60000e+01	4.75000e+00	2.36151e+01
2.60000e+01	5.25000e+00	2.65810e+01
2.60000e+01	5.75000e+00	2.94271e+01
2.60000e+01	6.25000e+00	3.20347e+01
2.60000e+01	6.75000e+00	3.33632e+01
2.60000e+01	7.25000e+00	3.29331e+01
2.60000e+01	7.75000e+00	3.23822e+01
2.60000e+01	8.25000e+00	3.19518e+01
2.60000e+01	8.75000e+00	3.16189e+01
2.60000e+01	9.25000e+00	3.13369e+01
2.60000e+01	9.75000e+00	3.11926e+01
2.60000e+01	1.00000e+01	2.22222e+01

2.65000e+01	0.00000e+00	2.22222e+01
2.65000e+01	2.50000e-01	6.37506e+00
2.65000e+01	7.50000e-01	7.16880e+00
2.65000e+01	1.25000e+00	8.04364e+00
2.65000e+01	1.75000e+00	9.34759e+00
2.65000e+01	2.25000e+00	1.10321e+01
2.65000e+01	2.75000e+00	1.30486e+01
2.65000e+01	3.25000e+00	1.53503e+01
2.65000e+01	3.75000e+00	1.78922e+01
2.65000e+01	4.25000e+00	2.06268e+01
2.65000e+01	4.75000e+00	2.34944e+01
2.65000e+01	5.25000e+00	2.64029e+01
2.65000e+01	5.75000e+00	2.92095e+01
2.65000e+01	6.25000e+00	3.17840e+01
2.65000e+01	6.75000e+00	3.32783e+01
2.65000e+01	7.25000e+00	3.29320e+01
2.65000e+01	7.75000e+00	3.23819e+01
2.65000e+01	8.25000e+00	3.19496e+01
2.65000e+01	8.75000e+00	3.16140e+01
2.65000e+01	9.25000e+00	3.13290e+01
2.65000e+01	9.75000e+00	3.11836e+01
2.65000e+01	1.00000e+01	2.22222e+01

2.70000e+01	0.00000e+00	2.22222e+01
2.70000e+01	2.50000e-01	6.55801e+00
2.70000e+01	7.50000e-01	7.29945e+00
2.70000e+01	1.25000e+00	8.15618e+00
2.70000e+01	1.75000e+00	9.44914e+00
2.70000e+01	2.25000e+00	1.11209e+01
2.70000e+01	2.75000e+00	1.31179e+01
2.70000e+01	3.25000e+00	1.53908e+01
2.70000e+01	3.75000e+00	1.78940e+01
2.70000e+01	4.25000e+00	2.05811e+01
2.70000e+01	4.75000e+00	2.33962e+01
2.70000e+01	5.25000e+00	2.62523e+01
2.70000e+01	5.75000e+00	2.90212e+01
2.70000e+01	6.25000e+00	3.15585e+01
2.70000e+01	6.75000e+00	3.31982e+01
2.70000e+01	7.25000e+00	3.29518e+01
2.70000e+01	7.75000e+00	3.23997e+01
2.70000e+01	8.25000e+00	3.19621e+01
2.70000e+01	8.75000e+00	3.16212e+01
2.70000e+01	9.25000e+00	3.13315e+01
2.70000e+01	9.75000e+00	3.11843e+01
2.70000e+01	1.00000e+01	2.22222e+01

2.75000e+01	0.00000e+00	2.22222e+01
2.75000e+01	2.50000e-01	6.66706e+00
2.75000e+01	7.50000e-01	7.36091e+00
2.75000e+01	1.25000e+00	8.21156e+00
2.75000e+01	1.75000e+00	9.50952e+00
2.75000e+01	2.25000e+00	1.11849e+01
2.75000e+01	2.75000e+00	1.31780e+01
2.75000e+01	3.25000e+00	1.54362e+01
2.75000e+01	3.75000e+00	1.79122e+01
2.75000e+01	4.25000e+00	2.05605e+01
2.75000e+01	4.75000e+00	2.33293e+01
2.75000e+01	5.25000e+00	2.61378e+01
2.75000e+01	5.75000e+00	2.88698e+01
2.75000e+01	6.25000e+00	3.13679e+01
2.75000e+01	6.75000e+00	3.31267e+01
2.75000e+01	7.25000e+00	3.29937e+01
2.75000e+01	7.75000e+00	3.24359e+01
2.75000e+01	8.25000e+00	3.19882e+01
2.75000e+01	8.75000e+00	3.16390e+01
2.75000e+01	9.25000e+00	3.13427e+01
2.75000e+01	9.75000e+00	3.11927e+01
2.75000e+01	1.00000e+01	2.22222e+01

2.80000e+01	0.00000e+00	2.22222e+01
2.80000e+01	2.50000e-01	6.66052e+00
2.80000e+01	7.50000e-01	7.33865e+00
2.80000e+01	1.25000e+00	8.20499e+00
2.80000e+01	1.75000e+00	9.52706e+00
2.80000e+01	2.25000e+00	1.12238e+01
2.80000e+01	2.75000e+00	1.32307e+01
2.80000e+01	3.25000e+00	1.54911e+01
2.80000e+01	3.75000e+00	1.79549e+01
2.80000e+01	4.25000e+00	2.05755e+01
2.80000e+01	4.75000e+00	2.33046e+01
2.80000e+01	5.25000e+00	2.60705e+01
2.80000e+01	5.75000e+00	2.87657e+01
2.80000e+01	6.25000e+00	3.12235e+01
2.80000e+01	6.75000e+00	3.30700e+01
2.80000e+01	7.25000e+00	3.30580e+01
2.80000e+01	7.75000e+00	3.24891e+01
2.80000e+01	8.25000e+00	3.20254e+01
2.80000e+01	8.75000e+00	3.16644e+01
2.80000e+01	9.25000e+00	3.13597e+01
2.80000e+01	9.75000e+00	3.12061e+01
2.80000e+01	1.00000e+01	2.22222e+01

2.85000e+01	0.00000e+00	2.22222e+01
2.85000e+01	2.50000e-01	6.48051e+00
2.85000e+01	7.50000e-01	7.23137e+00
2.85000e+01	1.25000e+00	8.14383e+00
2.85000e+01	1.75000e+00	9.50394e+00
2.85000e+01	2.25000e+00	1.12350e+01
2.85000e+01	2.75000e+00	1.32726e+01
2.85000e+01	3.25000e+00	1.55551e+01
2.85000e+01	3.75000e+00	1.80264e+01
2.85000e+01	4.25000e+00	2.06353e+01
2.85000e+01	4.75000e+00	2.33344e+01
2.85000e+01	5.25000e+00	2.60638e+01
2.85000e+01	5.75000e+00	2.87231e+01
2.85000e+01	6.25000e+00	3.11398e+01
2.85000e+01	6.75000e+00	3.30381e+01
2.85000e+01	7.25000e+00	3.31436e+01
2.85000e+01	7.75000e+00	3.25552e+01
2.85000e+01	8.25000e+00	3.20690e+01
2.85000e+01	8.75000e+00	3.16932e+01
2.85000e+01	9.25000e+00	3.13788e+01
2.85000e+01	9.75000e+00	3.12211e+01
2.85000e+01	1.00000e+01	2.22222e+01

2.90000e+01	0.00000e+00	2.22222e+01
2.90000e+01	2.50000e-01	6.08617e+00
2.90000e+01	7.50000e-01	7.07565e+00
2.90000e+01	1.25000e+00	8.05381e+00
2.90000e+01	1.75000e+00	9.44260e+00
2.90000e+01	2.25000e+00	1.12065e+01
2.90000e+01	2.75000e+00	1.32854e+01
2.90000e+01	3.25000e+00	1.56100e+01
2.90000e+01	3.75000e+00	1.81153e+01
2.90000e+01	4.25000e+00	2.07401e+01
2.90000e+01	4.75000e+00	2.34271e+01
2.90000e+01	5.25000e+00	2.61321e+01
2.90000e+01	5.75000e+00	2.87596e+01
2.90000e+01	6.25000e+00	3.11356e+01
2.90000e+01	6.75000e+00	3.30463e+01
2.90000e+01	7.25000e+00	3.32450e+01
2.90000e+01	7.75000e+00	3.26246e+01
2.90000e+01	8.25000e+00	3.21106e+01
2.90000e+01	8.75000e+00	3.17190e+01
2.90000e+01	9.25000e+00	3.13953e+01
2.90000e+01	9.75000e+00	3.12338e+01
2.90000e+01	1.00000e+01	2.22222e+01

2.95000e+01	0.00000e+00	2.22222e+01
2.95000e+01	2.50000e-01	5.58559e+00
2.95000e+01	7.50000e-01	6.97054e+00
2.95000e+01	1.25000e+00	7.97532e+00
2.95000e+01	1.75000e+00	9.35026e+00
2.95000e+01	2.25000e+00	1.11235e+01
2.95000e+01	2.75000e+00	1.32311e+01
2.95000e+01	3.25000e+00	1.55942e+01
2.95000e+01	3.75000e+00	1.81438e+01
2.95000e+01	4.25000e+00	2.08233e+01
2.95000e+01	4.75000e+00	2.35695e+01
2.95000e+01	5.25000e+00	2.62860e+01
2.95000e+01	5.75000e+00	2.88963e+01
2.95000e+01	6.25000e+00	3.12370e+01
2.95000e+01	6.75000e+00	3.31220e+01
2.95000e+01	7.25000e+00	3.33431e+01
2.95000e+01	7.75000e+00	3.26768e+01
2.95000e+01	8.25000e+00	3.21373e+01
2.95000e+01	8.75000e+00	3.17342e+01
2.95000e+01	9.25000e+00	3.14043e+01
2.95000e+01	9.75000e+00	3.12405e+01
2.95000e+01	1.00000e+01	2.22222e+01

3.00000e+01	0.00000e+00	2.22222e+01
3.00000e+01	2.50000e-01	5.58559e+00
3.00000e+01	7.50000e-01	6.97054e+00
3.00000e+01	1.25000e+00	7.97532e+00
3.00000e+01	1.75000e+00	9.35026e+00
3.00000e+01	2.25000e+00	1.11235e+01
3.00000e+01	2.75000e+00	1.32311e+01
3.00000e+01	3.25000e+00	1.55942e+01
3.00000e+01	3.75000e+00	1.81438e+01
3.00000e+01	4.25000e+00	2.08233e+01
3.00000e+01	4.75000e+00	2.35695e+01
3.00000e+01	5.25000e+00	2.62860e+01
3.00000e+01	5.75000e+00	2.88963e+01
3.00000e+01	6.25000e+00	3.12370e+01
3.00000e+01	6.75000e+00	3.31220e+01
3.00000e+01	7.25000e+00	3.33431e+01
3.00000e+01	7.75000e+00	3.26768e+01
3.00000e+01	8.25000e+00	3.21373e+01
3.00000e+01	8.75000e+00	3.17342e+01
3.00000e+01	9.25000e+00	3.14043e+01
3.00000e+01	9.75000e+00	3.12405e+01
3.00000e+01	1.00000e+01	2.22222e+01

