0.00000e+00	0.00000e+00	0.00000e+00
0.00000e+00	5.00000e-01	0.00000e+00
0.00000e+00	1.00000e+00	0.00000e+00
0.00000e+00	1.50000e+00	0.00000e+00
0.00000e+00	2.00000e+00	0.00000e+00
0.00000e+00	2.50000e+00	0.00000e+00
0.00000e+00	3.00000e+00	0.00000e+00
0.00000e+00	3.50000e+00	0.00000e+00
0.00000e+00	4.00000e+00	0.00000e+00
0.00000e+00	4.50000e+00	0.00000e+00
0.00000e+00	5.00000e+00	0.00000e+00
0.00000e+00	5.50000e+00	0.00000e+00
0.00000e+00	6.00000e+00	0.00000e+00
0.00000e+00	6.50000e+00	0.00000e+00
0.00000e+00	7.00000e+00	0.00000e+00
0.00000e+00	7.50000e+00	0.00000e+00
0.00000e+00	8.00000e+00	0.00000e+00
0.00000e+00	8.50000e+00	0.00000e+00
0.00000e+00	9.00000e+00	0.00000e+00
0.00000e+00	9.50000e+00	0.00000e+00
0.00000e+00	1.00000e+01	0.00000e+00

2.50000e-01	0.00000e+00	0.00000e+00
2.50000e-01	5.00000e-01	-5.97275e-03
2.50000e-01	1.00000e+00	1.46909e-01
2.50000e-01	1.50000e+00	3.46319e-01
2.50000e-01	2.00000e+00	5.22780e-01
2.50000e-01	2.50000e+00	6.71823e-01
2.50000e-01	3.00000e+00	7.88189e-01
2.50000e-01	3.50000e+00	8.74425e-01
2.50000e-01	4.00000e+00	9.29475e-01
2.50000e-01	4.50000e+00	9.53483e-01
2.50000e-01	5.00000e+00	9.49101e-01
2.50000e-01	5.50000e+00	9.20224e-01
2.50000e-01	6.00000e+00	8.70938e-01
2.50000e-01	6.50000e+00	8.04768e-01
2.50000e-01	7.00000e+00	7.24156e-01
2.50000e-01	7.50000e+00	6.30262e-01
2.50000e-01	8.00000e+00	5.37045e-01
2.50000e-01	8.50000e+00	4.47241e-01
2.50000e-01	9.00000e+00	3.60944e-01
2.50000e-01	9.50000e+00	2.24786e-01
2.50000e-01	1.00000e+01	0.00000e+00

7.50000e-01	0.00000e+00	0.00000e+00
7.50000e-01	5.00000e-01	9.85165e-02
7.50000e-01	1.00000e+00	3.65093e-01
7.50000e-01	1.50000e+00	7.31799e-01
7.50000e-01	2.00000e+00	1.06404e+00
7.50000e-01	2.50000e+00	1.34686e+00
7.50000e-01	3.00000e+00	1.58003e+00
7.50000e-01	3.50000e+00	1.75271e+00
7.50000e-01	4.00000e+00	1.86072e+00
7.50000e-01	4.50000e+00	1.90571e+00
7.50000e-01	5.00000e+00	1.89379e+00
7.50000e-01	5.50000e+00	1.83334e+00
7.50000e-01	6.00000e+00	1.73295e+00
7.50000e-01	6.50000e+00	1.60011e+00
7.50000e-01	7.00000e+00	1.44057e+00
7.50000e-01	7.50000e+00	1.25852e+00
7.50000e-01	8.00000e+00	1.05716e+00
7.50000e-01	8.50000e+00	8.61853e-01
7.50000e-01	9.00000e+00	6.68383e-01
7.50000e-01	9.50000e+00	3.78900e-01
7.50000e-01	1.00000e+01	0.00000e+00

1.25000e+00	0.00000e+00	0.00000e+00
1.25000e+00	5.00000e-01	2.04013e-01
1.25000e+00	1.00000e+00	5.94783e-01
1.25000e+00	1.50000e+00	1.13267e+00
1.25000e+00	2.00000e+00	1.61166e+00
1.25000e+00	2.50000e+00	2.03907e+00
1.25000e+00	3.00000e+00	2.39151e+00
1.25000e+00	3.50000e+00	2.64959e+00
1.25000e+00	4.00000e+00	2.80625e+00
1.25000e+00	4.50000e+00	2.86553e+00
1.25000e+00	5.00000e+00	2.83869e+00
1.25000e+00	5.50000e+00	2.73998e+00
1.25000e+00	6.00000e+00	2.58334e+00
1.25000e+00	6.50000e+00	2.38049e+00
1.25000e+00	7.00000e+00	2.14020e+00
1.25000e+00	7.50000e+00	1.86836e+00
1.25000e+00	8.00000e+00	1.56733e+00
1.25000e+00	8.50000e+00	1.24920e+00
1.25000e+00	9.00000e+00	9.50246e-01
1.25000e+00	9.50000e+00	5.32096e-01
1.25000e+00	1.00000e+01	0.00000e+00

1.75000e+00	0.00000e+00	0.00000e+00
1.75000e+00	5.00000e-01	3.02205e-01
1.75000e+00	1.00000e+00	8.15246e-01
1.75000e+00	1.50000e+00	1.52455e+00
1.75000e+00	2.00000e+00	2.17209e+00
1.75000e+00	2.50000e+00	2.75867e+00
1.75000e+00	3.00000e+00	3.23914e+00
1.75000e+00	3.50000e+00	3.58260e+00
1.75000e+00	4.00000e+00	3.78034e+00
1.75000e+00	4.50000e+00	3.84205e+00
1.75000e+00	5.00000e+00	3.78754e+00
1.75000e+00	5.50000e+00	3.63932e+00
1.75000e+00	6.00000e+00	3.41787e+00
1.75000e+00	6.50000e+00	3.13936e+00
1.75000e+00	7.00000e+00	2.81522e+00
1.75000e+00	7.50000e+00	2.45254e+00
1.75000e+00	8.00000e+00	2.05349e+00
1.75000e+00	8.50000e+00	1.61677e+00
1.75000e+00	9.00000e+00	1.20812e+00
1.75000e+00	9.50000e+00	6.73185e-01
1.75000e+00	1.00000e+01	0.00000e+00

2.25000e+00	0.00000e+00	0.00000e+00
2.25000e+00	5.00000e-01	3.71381e-01
2.25000e+00	1.00000e+00	9.96438e-01
2.25000e+00	1.50000e+00	1.89391e+00
2.25000e+00	2.00000e+00	2.74711e+00
2.25000e+00	2.50000e+00	3.52349e+00
2.25000e+00	3.00000e+00	4.14872e+00
2.25000e+00	3.50000e+00	4.57637e+00
2.25000e+00	4.00000e+00	4.80072e+00
2.25000e+00	4.50000e+00	4.84454e+00
2.25000e+00	5.00000e+00	4.74221e+00
2.25000e+00	5.50000e+00	4.52790e+00
2.25000e+00	6.00000e+00	4.22975e+00
2.25000e+00	6.50000e+00	3.86823e+00
2.25000e+00	7.00000e+00	3.45669e+00
2.25000e+00	7.50000e+00	3.00247e+00
2.25000e+00	8.00000e+00	2.50665e+00
2.25000e+00	8.50000e+00	1.96440e+00
2.25000e+00	9.00000e+00	1.44041e+00
2.25000e+00	9.50000e+00	7.97101e-01
2.25000e+00	1.00000e+01	0.00000e+00

2.75000e+00	0.00000e+00	0.00000e+00
2.75000e+00	5.00000e-01	3.67607e-01
2.75000e+00	1.00000e+00	1.09202e+00
2.75000e+00	1.50000e+00	2.21986e+00
2.75000e+00	2.00000e+00	3.34271e+00
2.75000e+00	2.50000e+00	4.36851e+00
2.75000e+00	3.00000e+00	5.16505e+00
2.75000e+00	3.50000e+00	5.66812e+00
2.75000e+00	4.00000e+00	5.88960e+00
2.75000e+00	4.50000e+00	5.88089e+00
2.75000e+00	5.00000e+00	5.70039e+00
2.75000e+00	5.50000e+00	5.39750e+00
2.75000e+00	6.00000e+00	5.00811e+00
2.75000e+00	6.50000e+00	4.55570e+00
2.75000e+00	7.00000e+00	4.05391e+00
2.75000e+00	7.50000e+00	3.50908e+00
2.75000e+00	8.00000e+00	2.92063e+00
2.75000e+00	8.50000e+00	2.28139e+00
2.75000e+00	9.00000e+00	1.64910e+00
2.75000e+00	9.50000e+00	9.04373e-01
2.75000e+00	1.00000e+01	0.00000e+00

3.25000e+00	0.00000e+00	0.00000e+00
3.25000e+00	5.00000e-01	1.94276e-01
3.25000e+00	1.00000e+00	1.02151e+00
3.25000e+00	1.50000e+00	2.44731e+00
3.25000e+00	2.00000e+00	3.98120e+00
3.25000e+00	2.50000e+00	5.37070e+00
3.25000e+00	3.00000e+00	6.37151e+00
3.25000e+00	3.50000e+00	6.91489e+00
3.25000e+00	4.00000e+00	7.07215e+00
3.25000e+00	4.50000e+00	6.95283e+00
3.25000e+00	5.00000e+00	6.65094e+00
3.25000e+00	5.50000e+00	6.23185e+00
3.25000e+00	6.00000e+00	5.73603e+00
3.25000e+00	6.50000e+00	5.18630e+00
3.25000e+00	7.00000e+00	4.59377e+00
3.25000e+00	7.50000e+00	3.96189e+00
3.25000e+00	8.00000e+00	3.28745e+00
3.25000e+00	8.50000e+00	2.56082e+00
3.25000e+00	9.00000e+00	1.83241e+00
3.25000e+00	9.50000e+00	9.95827e-01
3.25000e+00	1.00000e+01	0.00000e+00

3.75000e+00	0.00000e+00	0.00000e+00
3.75000e+00	5.00000e-01	-2.15478e-01
3.75000e+00	1.00000e+00	8.08070e-01
3.75000e+00	1.50000e+00	2.61415e+00
3.75000e+00	2.00000e+00	4.76533e+00
3.75000e+00	2.50000e+00	6.72410e+00
3.75000e+00	3.00000e+00	7.93164e+00
3.75000e+00	3.50000e+00	8.39967e+00
3.75000e+00	4.00000e+00	8.36675e+00
3.75000e+00	4.50000e+00	8.04443e+00
3.75000e+00	5.00000e+00	7.56567e+00
3.75000e+00	5.50000e+00	7.00208e+00
3.75000e+00	6.00000e+00	6.38852e+00
3.75000e+00	6.50000e+00	5.73996e+00
3.75000e+00	7.00000e+00	5.06079e+00
3.75000e+00	7.50000e+00	4.34929e+00
3.75000e+00	8.00000e+00	3.59865e+00
3.75000e+00	8.50000e+00	2.79663e+00
3.75000e+00	9.00000e+00	1.98750e+00
3.75000e+00	9.50000e+00	1.07168e+00
3.75000e+00	1.00000e+01	0.00000e+00

4.25000e+00	0.00000e+00	0.00000e+00
4.25000e+00	5.00000e-01	-4.18862e-01
4.25000e+00	1.00000e+00	7.17946e-01
4.25000e+00	1.50000e+00	2.64672e+00
4.25000e+00	2.00000e+00	6.01549e+00
4.25000e+00	2.50000e+00	9.18795e+00
4.25000e+00	3.00000e+00	1.02956e+01
4.25000e+00	3.50000e+00	1.02659e+01
4.25000e+00	4.00000e+00	9.76611e+00
4.25000e+00	4.50000e+00	9.10143e+00
4.25000e+00	5.00000e+00	8.38798e+00
4.25000e+00	5.50000e+00	7.66248e+00
4.25000e+00	6.00000e+00	6.93182e+00
4.25000e+00	6.50000e+00	6.19262e+00
4.25000e+00	7.00000e+00	5.43800e+00
4.25000e+00	7.50000e+00	4.65950e+00
4.25000e+00	8.00000e+00	3.84619e+00
4.25000e+00	8.50000e+00	2.98345e+00
4.25000e+00	9.00000e+00	2.11131e+00
4.25000e+00	9.50000e+00	1.13149e+00
4.25000e+00	1.00000e+01	0.00000e+00

4.75000e+00	0.00000e+00	0.00000e+00
4.75000e+00	5.00000e-01	6.35957e-01
4.75000e+00	1.00000e+00	2.20672e+00
4.75000e+00	1.50000e+00	4.68755e+00
4.75000e+00	2.00000e+00	8.36160e+00
4.75000e+00	2.50000e+00	1.36820e+01
4.75000e+00	3.00000e+00	1.38476e+01
4.75000e+00	3.50000e+00	1.25247e+01
4.75000e+00	4.00000e+00	1.11514e+01
4.75000e+00	4.50000e+00	9.99995e+00
4.75000e+00	5.00000e+00	9.02476e+00
4.75000e+00	5.50000e+00	8.15060e+00
4.75000e+00	6.00000e+00	7.32588e+00
4.75000e+00	6.50000e+00	6.51892e+00
4.75000e+00	7.00000e+00	5.70925e+00
4.75000e+00	7.50000e+00	4.88207e+00
4.75000e+00	8.00000e+00	4.02344e+00
4.75000e+00	8.50000e+00	3.11729e+00
4.75000e+00	9.00000e+00	2.20118e+00
4.75000e+00	9.50000e+00	1.17452e+00
4.75000e+00	1.00000e+01	0.00000e+00

5.25000e+00	0.00000e+00	0.00000e+00
5.25000e+00	5.00000e-01	1.71636e+00
5.25000e+00	1.00000e+00	3.73526e+00
5.25000e+00	1.50000e+00	6.83850e+00
5.25000e+00	2.00000e+00	1.17493e+01
5.25000e+00	2.50000e+00	1.99102e+01
5.25000e+00	3.00000e+00	1.73590e+01
5.25000e+00	3.50000e+00	1.42243e+01
5.25000e+00	4.00000e+00	1.20055e+01
5.25000e+00	4.50000e+00	1.04858e+01
5.25000e+00	5.00000e+00	9.35067e+00
5.25000e+00	5.50000e+00	8.40149e+00
5.25000e+00	6.00000e+00	7.53465e+00
5.25000e+00	6.50000e+00	6.69796e+00
5.25000e+00	7.00000e+00	5.86240e+00
5.25000e+00	7.50000e+00	5.00991e+00
5.25000e+00	8.00000e+00	4.12628e+00
5.25000e+00	8.50000e+00	3.19668e+00
5.25000e+00	9.00000e+00	2.25531e+00
5.25000e+00	9.50000e+00	1.20004e+00
5.25000e+00	1.00000e+01	0.00000e+00

5.75000e+00	0.00000e+00	0.00000e+00
5.75000e+00	5.00000e-01	-1.03398e-24
5.75000e+00	1.00000e+00	0.00000e+00
5.75000e+00	1.50000e+00	3.30872e-24
5.75000e+00	2.00000e+00	1.55096e-24
5.75000e+00	2.50000e+00	3.30872e-24
5.75000e+00	3.00000e+00	8.02117e+00
5.75000e+00	3.50000e+00	1.10568e+01
5.75000e+00	4.00000e+00	1.09763e+01
5.75000e+00	4.50000e+00	1.01475e+01
5.75000e+00	5.00000e+00	9.23852e+00
5.75000e+00	5.50000e+00	8.37274e+00
5.75000e+00	6.00000e+00	7.54210e+00
5.75000e+00	6.50000e+00	6.72225e+00
5.75000e+00	7.00000e+00	5.89361e+00
5.75000e+00	7.50000e+00	5.04115e+00
5.75000e+00	8.00000e+00	4.15329e+00
5.75000e+00	8.50000e+00	3.22499e+00
5.75000e+00	9.00000e+00	2.27241e+00
5.75000e+00	9.50000e+00	1.20726e+00
5.75000e+00	1.00000e+01	0.00000e+00

6.25000e+00	0.00000e+00	0.00000e+00
6.25000e+00	5.00000e-01	-3.10193e-25
6.25000e+00	1.00000e+00	1.24077e-24
6.25000e+00	1.50000e+00	0.00000e+00
6.25000e+00	2.00000e+00	-2.48154e-24
6.25000e+00	2.50000e+00	-2.37814e-24
6.25000e+00	3.00000e+00	3.65379e+00
6.25000e+00	3.50000e+00	7.69246e+00
6.25000e+00	4.00000e+00	9.37155e+00
6.25000e+00	4.50000e+00	9.33141e+00
6.25000e+00	5.00000e+00	8.79012e+00
6.25000e+00	5.50000e+00	8.10288e+00
6.25000e+00	6.00000e+00	7.36743e+00
6.25000e+00	6.50000e+00	6.60328e+00
6.25000e+00	7.00000e+00	5.80998e+00
6.25000e+00	7.50000e+00	4.98078e+00
6.25000e+00	8.00000e+00	4.10846e+00
6.25000e+00	8.50000e+00	3.20353e+00
6.25000e+00	9.00000e+00	2.25481e+00
6.25000e+00	9.50000e+00	1.19695e+00
6.25000e+00	1.00000e+01	0.00000e+00

6.75000e+00	0.00000e+00	0.00000e+00
6.75000e+00	5.00000e-01	0.00000e+00
6.75000e+00	1.00000e+00	-1.03398e-24
6.75000e+00	1.50000e+00	-8.27181e-25
6.75000e+00	2.00000e+00	-8.27181e-25
6.75000e+00	2.50000e+00	-1.34417e-24
6.75000e+00	3.00000e+00	1.78494e+00
6.75000e+00	3.50000e+00	5.16079e+00
6.75000e+00	4.00000e+00	7.64159e+00
6.75000e+00	4.50000e+00	8.34265e+00
6.75000e+00	5.00000e+00	8.15759e+00
6.75000e+00	5.50000e+00	7.66833e+00
6.75000e+00	6.00000e+00	7.05237e+00
6.75000e+00	6.50000e+00	6.36620e+00
6.75000e+00	7.00000e+00	5.62760e+00
6.75000e+00	7.50000e+00	4.83960e+00
6.75000e+00	8.00000e+00	3.99975e+00
6.75000e+00	8.50000e+00	3.13497e+00
6.75000e+00	9.00000e+00	2.20625e+00
6.75000e+00	9.50000e+00	1.17112e+00
6.75000e+00	1.00000e+01	0.00000e+00

7.25000e+00	0.00000e+00	0.00000e+00
7.25000e+00	5.00000e-01	0.00000e+00
7.25000e+00	1.00000e+00	-2.06795e-25
7.25000e+00	1.50000e+00	8.27181e-25
7.25000e+00	2.00000e+00	2.48154e-24
7.25000e+00	2.50000e+00	1.96455e-24
7.25000e+00	3.00000e+00	1.04198e+00
7.25000e+00	3.50000e+00	3.42722e+00
7.25000e+00	4.00000e+00	5.95593e+00
7.25000e+00	4.50000e+00	7.32110e+00
7.25000e+00	5.00000e+00	7.44639e+00
7.25000e+00	5.50000e+00	7.13898e+00
7.25000e+00	6.00000e+00	6.64197e+00
7.25000e+00	6.50000e+00	6.04064e+00
7.25000e+00	7.00000e+00	5.36682e+00
7.25000e+00	7.50000e+00	4.63174e+00
7.25000e+00	8.00000e+00	3.83713e+00
7.25000e+00	8.50000e+00	3.02545e+00
7.25000e+00	9.00000e+00	2.13075e+00
7.25000e+00	9.50000e+00	1.13175e+00
7.25000e+00	1.00000e+01	0.00000e+00

7.75000e+00	0.00000e+00	0.00000e+00
7.75000e+00	5.00000e-01	-4.13590e-25
7.75000e+00	1.00000e+00	5.16988e-25
7.75000e+00	1.50000e+00	0.00000e+00
7.75000e+00	2.00000e+00	-2.48154e-24
7.75000e+00	2.50000e+00	-2.68834e-24
7.75000e+00	3.00000e+00	6.73360e-01
7.75000e+00	3.50000e+00	2.29973e+00
7.75000e+00	4.00000e+00	4.52130e+00
7.75000e+00	4.50000e+00	6.23079e+00
7.75000e+00	5.00000e+00	6.71615e+00
7.75000e+00	5.50000e+00	6.56603e+00
7.75000e+00	6.00000e+00	6.17388e+00
7.75000e+00	6.50000e+00	5.65397e+00
7.75000e+00	7.00000e+00	5.04781e+00
7.75000e+00	7.50000e+00	4.37211e+00
7.75000e+00	8.00000e+00	3.63182e+00
7.75000e+00	8.50000e+00	2.88214e+00
7.75000e+00	9.00000e+00	2.03286e+00
7.75000e+00	9.50000e+00	1.08082e+00
7.75000e+00	1.00000e+01	0.00000e+00

8.25000e+00	0.00000e+00	0.00000e+00
8.25000e+00	5.00000e-01	0.00000e+00
8.25000e+00	1.00000e+00	-2.06795e-25
8.25000e+00	1.50000e+00	-8.27181e-25
8.25000e+00	2.00000e+00	8.27181e-25
8.25000e+00	2.50000e+00	1.13737e-24
8.25000e+00	3.00000e+00	4.63147e-01
8.25000e+00	3.50000e+00	1.60070e+00
8.25000e+00	4.00000e+00	3.39867e+00
8.25000e+00	4.50000e+00	5.13867e+00
8.25000e+00	5.00000e+00	5.98387e+00
8.25000e+00	5.50000e+00	5.97474e+00
8.25000e+00	6.00000e+00	5.67314e+00
8.25000e+00	6.50000e+00	5.22746e+00
8.25000e+00	7.00000e+00	4.68780e+00
8.25000e+00	7.50000e+00	4.07426e+00
8.25000e+00	8.00000e+00	3.39385e+00
8.25000e+00	8.50000e+00	2.71312e+00
8.25000e+00	9.00000e+00	1.91774e+00
8.25000e+00	9.50000e+00	1.02079e+00
8.25000e+00	1.00000e+01	0.00000e+00

8.75000e+00	0.00000e+00	0.00000e+00
8.75000e+00	5.00000e-01	8.27181e-25
8.75000e+00	1.00000e+00	-4.13590e-25
8.75000e+00	1.50000e+00	8.27181e-25
8.75000e+00	2.00000e+00	8.27181e-25
8.75000e+00	2.50000e+00	1.86116e-24
8.75000e+00	3.00000e+00	3.33686e-01
8.75000e+00	3.50000e+00	1.15705e+00
8.75000e+00	4.00000e+00	2.53639e+00
8.75000e+00	4.50000e+00	4.12208e+00
8.75000e+00	5.00000e+00	5.21004e+00
8.75000e+00	5.50000e+00	5.37681e+00
8.75000e+00	6.00000e+00	5.15551e+00
8.75000e+00	6.50000e+00	4.77624e+00
8.75000e+00	7.00000e+00	4.30020e+00
8.75000e+00	7.50000e+00	3.74966e+00
8.75000e+00	8.00000e+00	3.13336e+00
8.75000e+00	8.50000e+00	2.52495e+00
8.75000e+00	9.00000e+00	1.78977e+00
8.75000e+00	9.50000e+00	9.53963e-01
8.75000e+00	1.00000e+01	0.00000e+00

9.25000e+00	0.00000e+00	0.00000e+00
9.25000e+00	5.00000e-01	0.00000e+00
9.25000e+00	1.00000e+00	-7.23783e-25
9.25000e+00	1.50000e+00	-1.65436e-24
9.25000e+00	2.00000e+00	0.00000e+00
9.25000e+00	2.50000e+00	-5.16988e-25
9.25000e+00	3.00000e+00	2.36579e-01
9.25000e+00	3.50000e+00	8.31476e-01
9.25000e+00	4.00000e+00	1.86586e+00
9.25000e+00	4.50000e+00	3.21578e+00
9.25000e+00	5.00000e+00	4.39402e+00
9.25000e+00	5.50000e+00	4.77296e+00
9.25000e+00	6.00000e+00	4.62815e+00
9.25000e+00	6.50000e+00	4.30990e+00
9.25000e+00	7.00000e+00	3.89470e+00
9.25000e+00	7.50000e+00	3.40653e+00
9.25000e+00	8.00000e+00	2.86202e+00
9.25000e+00	8.50000e+00	2.32215e+00
9.25000e+00	9.00000e+00	1.65219e+00
9.25000e+00	9.50000e+00	8.82316e-01
9.25000e+00	1.00000e+01	0.00000e+00

9.75000e+00	0.00000e+00	0.00000e+00
9.75000e+00	5.00000e-01	-4.13590e-25
9.75000e+00	1.00000e+00	1.24077e-24
9.75000e+00	1.50000e+00	2.48154e-24
9.75000e+00	2.00000e+00	3.30872e-24
9.75000e+00	2.50000e+00	3.25702e-24
9.75000e+00	3.00000e+00	1.44417e-01
9.75000e+00	3.50000e+00	5.51138e-01
9.75000e+00	4.00000e+00	1.31288e+00
9.75000e+00	4.50000e+00	2.42000e+00
9.75000e+00	5.00000e+00	3.56697e+00
9.75000e+00	5.50000e+00	4.14956e+00
9.75000e+00	6.00000e+00	4.09347e+00
9.75000e+00	6.50000e+00	3.83478e+00
9.75000e+00	7.00000e+00	3.47877e+00
9.75000e+00	7.50000e+00	3.05212e+00
9.75000e+00	8.00000e+00	2.58639e+00
9.75000e+00	8.50000e+00	2.11021e+00
9.75000e+00	9.00000e+00	1.50843e+00
9.75000e+00	9.50000e+00	8.07676e-01
9.75000e+00	1.00000e+01	0.00000e+00

1.02500e+01	0.00000e+00	0.00000e+00
1.02500e+01	5.00000e-01	0.00000e+00
1.02500e+01	1.00000e+00	1.65436e-24
1.02500e+01	1.50000e+00	8.27181e-25
1.02500e+01	2.00000e+00	1.65436e-24
1.02500e+01	2.50000e+00	1.37002e-24
1.02500e+01	3.00000e+00	3.48183e-02
1.02500e+01	3.50000e+00	2.73034e-01
1.02500e+01	4.00000e+00	8.24958e-01
1.02500e+01	4.50000e+00	1.71511e+00
1.02500e+01	5.00000e+00	2.76272e+00
1.02500e+01	5.50000e+00	3.48999e+00
1.02500e+01	6.00000e+00	3.55577e+00
1.02500e+01	6.50000e+00	3.35656e+00
1.02500e+01	7.00000e+00	3.05896e+00
1.02500e+01	7.50000e+00	2.69395e+00
1.02500e+01	8.00000e+00	2.30772e+00
1.02500e+01	8.50000e+00	1.89521e+00
1.02500e+01	9.00000e+00	1.36214e+00
1.02500e+01	9.50000e+00	7.31809e-01
1.02500e+01	1.00000e+01	0.00000e+00

1.07500e+01	0.00000e+00	0.00000e+00
1.07500e+01	5.00000e-01	2.58494e-25
1.07500e+01	1.00000e+00	-9.82277e-25
1.07500e+01	1.50000e+00	-2.48154e-24
1.07500e+01	2.00000e+00	-1.65436e-24
1.07500e+01	2.50000e+00	-2.30060e-24
1.07500e+01	3.00000e+00	-1.30468e-01
1.07500e+01	3.50000e+00	-5.48370e-02
1.07500e+01	4.00000e+00	3.38995e-01
1.07500e+01	4.50000e+00	1.06255e+00
1.07500e+01	5.00000e+00	1.99477e+00
1.07500e+01	5.50000e+00	2.80480e+00
1.07500e+01	6.00000e+00	3.01584e+00
1.07500e+01	6.50000e+00	2.87950e+00
1.07500e+01	7.00000e+00	2.64088e+00
1.07500e+01	7.50000e+00	2.33784e+00
1.07500e+01	8.00000e+00	2.02988e+00
1.07500e+01	8.50000e+00	1.68107e+00
1.07500e+01	9.00000e+00	1.21610e+00
1.07500e+01	9.50000e+00	6.56156e-01
1.07500e+01	1.00000e+01	0.00000e+00

1.12500e+01	0.00000e+00	0.00000e+00
1.12500e+01	5.00000e-01	-3.10193e-25
1.12500e+01	1.00000e+00	6.46235e-27
1.12500e+01	1.50000e+00	6.72084e-25
1.12500e+01	2.00000e+00	4.39440e-25
1.12500e+01	2.50000e+00	0.00000e+00
1.12500e+01	3.00000e+00	-4.54078e-01
1.12500e+01	3.50000e+00	-5.04336e-01
1.12500e+01	4.00000e+00	-1.89280e-01
1.12500e+01	4.50000e+00	4.31768e-01
1.12500e+01	5.00000e+00	1.27200e+00
1.12500e+01	5.50000e+00	2.11375e+00
1.12500e+01	6.00000e+00	2.47430e+00
1.12500e+01	6.50000e+00	2.40999e+00
1.12500e+01	7.00000e+00	2.23032e+00
1.12500e+01	7.50000e+00	1.98947e+00
1.12500e+01	8.00000e+00	1.75728e+00
1.12500e+01	8.50000e+00	1.47106e+00
1.12500e+01	9.00000e+00	1.07261e+00
1.12500e+01	9.50000e+00	5.81898e-01
1.12500e+01	1.00000e+01	0.00000e+00

1.17500e+01	0.00000e+00	0.00000e+00
1.17500e+01	5.00000e-01	8.12288e-01
1.17500e+01	1.00000e+00	1.22622e+00
1.17500e+01	1.50000e+00	1.29714e+00
1.17500e+01	2.00000e+00	8.07737e-01
1.17500e+01	2.50000e+00	-1.23108e+00
1.17500e+01	3.00000e+00	-1.37367e+00
1.17500e+01	3.50000e+00	-1.18069e+00
1.17500e+01	4.00000e+00	-7.83951e-01
1.17500e+01	4.50000e+00	-1.80004e-01
1.17500e+01	5.00000e+00	6.04028e-01
1.17500e+01	5.50000e+00	1.44315e+00
1.17500e+01	6.00000e+00	1.93786e+00
1.17500e+01	6.50000e+00	1.95580e+00
1.17500e+01	7.00000e+00	1.83250e+00
1.17500e+01	7.50000e+00	1.65759e+00
1.17500e+01	8.00000e+00	1.49249e+00
1.17500e+01	8.50000e+00	1.26760e+00
1.17500e+01	9.00000e+00	9.33538e-01
1.17500e+01	9.50000e+00	5.10004e-01
1.17500e+01	1.00000e+01	0.00000e+00

1.22500e+01	0.00000e+00	0.00000e+00
1.22500e+01	5.00000e-01	9.76359e-01
1.22500e+01	1.00000e+00	1.24548e+00
1.22500e+01	1.50000e+00	1.08468e+00
1.22500e+01	2.00000e+00	2.99872e-01
1.22500e+01	2.50000e+00	-1.20358e+00
1.22500e+01	3.00000e+00	-1.68068e+00
1.22500e+01	3.50000e+00	-1.62379e+00
1.22500e+01	4.00000e+00	-1.27785e+00
1.22500e+01	4.50000e+00	-7.19636e-01
1.22500e+01	5.00000e+00	9.48564e-03
1.22500e+01	5.50000e+00	8.20208e-01
1.22500e+01	6.00000e+00	1.41790e+00
1.22500e+01	6.50000e+00	1.52544e+00
1.22500e+01	7.00000e+00	1.45442e+00
1.22500e+01	7.50000e+00	1.34458e+00
1.22500e+01	8.00000e+00	1.24018e+00
1.22500e+01	8.50000e+00	1.07347e+00
1.22500e+01	9.00000e+00	8.00665e-01
1.22500e+01	9.50000e+00	4.41347e-01
1.22500e+01	1.00000e+01	0.00000e+00

1.27500e+01	0.00000e+00	0.00000e+00
1.27500e+01	5.00000e-01	6.23459e-01
1.27500e+01	1.00000e+00	7.37019e-01
1.27500e+01	1.50000e+00	4.70336e-01
1.27500e+01	2.00000e+00	-2.49861e-01
1.27500e+01	2.50000e+00	-1.26589e+00
1.27500e+01	3.00000e+00	-1.80457e+00
1.27500e+01	3.50000e+00	-1.88525e+00
1.27500e+01	4.00000e+00	-1.64285e+00
1.27500e+01	4.50000e+00	-1.16360e+00
1.27500e+01	5.00000e+00	-5.00778e-01
1.27500e+01	5.50000e+00	2.64233e-01
1.27500e+01	6.00000e+00	9.25505e-01
1.27500e+01	6.50000e+00	1.12551e+00
1.27500e+01	7.00000e+00	1.10247e+00
1.27500e+01	7.50000e+00	1.05249e+00
1.27500e+01	8.00000e+00	1.00392e+00
1.27500e+01	8.50000e+00	8.91112e-01
1.27500e+01	9.00000e+00	6.75550e-01
1.27500e+01	9.50000e+00	3.76679e-01
1.27500e+01	1.00000e+01	0.00000e+00

1.32500e+01	0.00000e+00	0.00000e+00
1.32500e+01	5.00000e-01	1.87454e-01
1.32500e+01	1.00000e+00	1.40284e-01
1.32500e+01	1.50000e+00	-1.56888e-01
1.32500e+01	2.00000e+00	-7.36903e-01
1.32500e+01	2.50000e+00	-1.44707e+00
1.32500e+01	3.00000e+00	-1.92190e+00
1.32500e+01	3.50000e+00	-2.06477e+00
1.32500e+01	4.00000e+00	-1.91124e+00
1.32500e+01	4.50000e+00	-1.51617e+00
1.32500e+01	5.00000e+00	-9.26535e-01
1.32500e+01	5.50000e+00	-2.16614e-01
1.32500e+01	6.00000e+00	4.70149e-01
1.32500e+01	6.50000e+00	7.58254e-01
1.32500e+01	7.00000e+00	7.82768e-01
1.32500e+01	7.50000e+00	7.83668e-01
1.32500e+01	8.00000e+00	7.85998e-01
1.32500e+01	8.50000e+00	7.22306e-01
1.32500e+01	9.00000e+00	5.59400e-01
1.32500e+01	9.50000e+00	3.16592e-01
1.32500e+01	1.00000e+01	0.00000e+00

1.37500e+01	0.00000e+00	0.00000e+00
1.37500e+01	5.00000e-01	-1.55190e-01
1.37500e+01	1.00000e+00	-3.49880e-01
1.37500e+01	1.50000e+00	-6.69649e-01
1.37500e+01	2.00000e+00	-1.14242e+00
1.37500e+01	2.50000e+00	-1.66836e+00
1.37500e+01	3.00000e+00	-2.05811e+00
1.37500e+01	3.50000e+00	-2.21220e+00
1.37500e+01	4.00000e+00	-2.11653e+00
1.37500e+01	4.50000e+00	-1.79313e+00
1.37500e+01	5.00000e+00	-1.27507e+00
1.37500e+01	5.50000e+00	-6.23265e-01
1.37500e+01	6.00000e+00	5.87428e-02
1.37500e+01	6.50000e+00	4.26301e-01
1.37500e+01	7.00000e+00	4.95490e-01
1.37500e+01	7.50000e+00	5.40988e-01
1.37500e+01	8.00000e+00	5.88226e-01
1.37500e+01	8.50000e+00	5.68345e-01
1.37500e+01	9.00000e+00	4.53084e-01
1.37500e+01	9.50000e+00	2.61511e-01
1.37500e+01	1.00000e+01	0.00000e+00

1.42500e+01	0.00000e+00	0.00000e+00
1.42500e+01	5.00000e-01	-3.77717e-01
1.42500e+01	1.00000e+00	-6.92034e-01
1.42500e+01	1.50000e+00	-1.04352e+00
1.42500e+01	2.00000e+00	-1.45752e+00
1.42500e+01	2.50000e+00	-1.87714e+00
1.42500e+01	3.00000e+00	-2.19765e+00
1.42500e+01	3.50000e+00	-2.34208e+00
1.42500e+01	4.00000e+00	-2.27990e+00
1.42500e+01	4.50000e+00	-2.01210e+00
1.42500e+01	5.00000e+00	-1.55753e+00
1.42500e+01	5.50000e+00	-9.62049e-01
1.42500e+01	6.00000e+00	-3.04578e-01
1.42500e+01	6.50000e+00	1.29701e-01
1.42500e+01	7.00000e+00	2.41179e-01
1.42500e+01	7.50000e+00	3.25521e-01
1.42500e+01	8.00000e+00	4.11509e-01
1.42500e+01	8.50000e+00	4.29955e-01
1.42500e+01	9.00000e+00	3.57116e-01
1.42500e+01	9.50000e+00	2.11690e-01
1.42500e+01	1.00000e+01	0.00000e+00

1.47500e+01	0.00000e+00	0.00000e+00
1.47500e+01	5.00000e-01	-5.06350e-01
1.47500e+01	1.00000e+00	-9.08183e-01
1.47500e+01	1.50000e+00	-1.29525e+00
1.47500e+01	2.00000e+00	-1.68594e+00
1.47500e+01	2.50000e+00	-2.04874e+00
1.47500e+01	3.00000e+00	-2.32306e+00
1.47500e+01	3.50000e+00	-2.45450e+00
1.47500e+01	4.00000e+00	-2.41176e+00
1.47500e+01	4.50000e+00	-2.18568e+00
1.47500e+01	5.00000e+00	-1.78467e+00
1.47500e+01	5.50000e+00	-1.24104e+00
1.47500e+01	6.00000e+00	-6.18232e-01
1.47500e+01	6.50000e+00	-1.32878e-01
1.47500e+01	7.00000e+00	1.96864e-02
1.47500e+01	7.50000e+00	1.37332e-01
1.47500e+01	8.00000e+00	2.56000e-01
1.47500e+01	8.50000e+00	3.07348e-01
1.47500e+01	9.00000e+00	2.71683e-01
1.47500e+01	9.50000e+00	1.67223e-01
1.47500e+01	1.00000e+01	0.00000e+00

1.52500e+01	0.00000e+00	0.00000e+00
1.52500e+01	5.00000e-01	-5.73352e-01
1.52500e+01	1.00000e+00	-1.03377e+00
1.52500e+01	1.50000e+00	-1.45298e+00
1.52500e+01	2.00000e+00	-1.84012e+00
1.52500e+01	2.50000e+00	-2.17608e+00
1.52500e+01	3.00000e+00	-2.42394e+00
1.52500e+01	3.50000e+00	-2.54625e+00
1.52500e+01	4.00000e+00	-2.51646e+00
1.52500e+01	4.50000e+00	-2.32216e+00
1.52500e+01	5.00000e+00	-1.96531e+00
1.52500e+01	5.50000e+00	-1.46804e+00
1.52500e+01	6.00000e+00	-8.82950e-01
1.52500e+01	6.50000e+00	-3.63368e-01
1.52500e+01	7.00000e+00	-1.69915e-01
1.52500e+01	7.50000e+00	-2.42415e-02
1.52500e+01	8.00000e+00	1.21272e-01
1.52500e+01	8.50000e+00	2.00306e-01
1.52500e+01	9.00000e+00	1.96688e-01
1.52500e+01	9.50000e+00	1.28067e-01
1.52500e+01	1.00000e+01	0.00000e+00

1.57500e+01	0.00000e+00	0.00000e+00
1.57500e+01	5.00000e-01	-6.00828e-01
1.57500e+01	1.00000e+00	-1.09839e+00
1.57500e+01	1.50000e+00	-1.54303e+00
1.57500e+01	2.00000e+00	-1.93529e+00
1.57500e+01	2.50000e+00	-2.26120e+00
1.57500e+01	3.00000e+00	-2.49652e+00
1.57500e+01	3.50000e+00	-2.61512e+00
1.57500e+01	4.00000e+00	-2.59605e+00
1.57500e+01	4.50000e+00	-2.42708e+00
1.57500e+01	5.00000e+00	-2.10629e+00
1.57500e+01	5.50000e+00	-1.64991e+00
1.57500e+01	6.00000e+00	-1.10141e+00
1.57500e+01	6.50000e+00	-5.63770e-01
1.57500e+01	7.00000e+00	-3.29210e-01
1.57500e+01	7.50000e+00	-1.60406e-01
1.57500e+01	8.00000e+00	6.47425e-03
1.57500e+01	8.50000e+00	1.08287e-01
1.57500e+01	9.00000e+00	1.31814e-01
1.57500e+01	9.50000e+00	9.40655e-02
1.57500e+01	1.00000e+01	0.00000e+00

1.62500e+01	0.00000e+00	0.00000e+00
1.62500e+01	5.00000e-01	-6.05889e-01
1.62500e+01	1.00000e+00	-1.12477e+00
1.62500e+01	1.50000e+00	-1.58671e+00
1.62500e+01	2.00000e+00	-1.98593e+00
1.62500e+01	2.50000e+00	-2.31007e+00
1.62500e+01	3.00000e+00	-2.54133e+00
1.62500e+01	3.50000e+00	-2.66065e+00
1.62500e+01	4.00000e+00	-2.65168e+00
1.62500e+01	4.50000e+00	-2.50363e+00
1.62500e+01	5.00000e+00	-2.21370e+00
1.62500e+01	5.50000e+00	-1.79287e+00
1.62500e+01	6.00000e+00	-1.27771e+00
1.62500e+01	6.50000e+00	-7.35892e-01
1.62500e+01	7.00000e+00	-4.60293e-01
1.62500e+01	7.50000e+00	-2.72730e-01
1.62500e+01	8.00000e+00	-8.95396e-02
1.62500e+01	8.50000e+00	3.05140e-02
1.62500e+01	9.00000e+00	7.65800e-02
1.62500e+01	9.50000e+00	6.49808e-02
1.62500e+01	1.00000e+01	0.00000e+00

1.67500e+01	0.00000e+00	0.00000e+00
1.67500e+01	5.00000e-01	-6.03136e-01
1.67500e+01	1.00000e+00	-1.12936e+00
1.67500e+01	1.50000e+00	-1.59991e+00
1.67500e+01	2.00000e+00	-2.00426e+00
1.67500e+01	2.50000e+00	-2.32963e+00
1.67500e+01	3.00000e+00	-2.56123e+00
1.67500e+01	3.50000e+00	-2.68409e+00
1.67500e+01	4.00000e+00	-2.68514e+00
1.67500e+01	4.50000e+00	-2.55530e+00
1.67500e+01	5.00000e+00	-2.29169e+00
1.67500e+01	5.50000e+00	-1.90206e+00
1.67500e+01	6.00000e+00	-1.41660e+00
1.67500e+01	6.50000e+00	-8.81272e-01
1.67500e+01	7.00000e+00	-5.65619e-01
1.67500e+01	7.50000e+00	-3.62988e-01
1.67500e+01	8.00000e+00	-1.68086e-01
1.67500e+01	8.50000e+00	-3.39381e-02
1.67500e+01	9.00000e+00	3.03975e-02
1.67500e+01	9.50000e+00	4.05194e-02
1.67500e+01	1.00000e+01	0.00000e+00

1.72500e+01	0.00000e+00	0.00000e+00
1.72500e+01	5.00000e-01	-5.94884e-01
1.72500e+01	1.00000e+00	-1.12031e+00
1.72500e+01	1.50000e+00	-1.59295e+00
1.72500e+01	2.00000e+00	-1.99948e+00
1.72500e+01	2.50000e+00	-2.32633e+00
1.72500e+01	3.00000e+00	-2.55998e+00
1.72500e+01	3.50000e+00	-2.68769e+00
1.72500e+01	4.00000e+00	-2.69859e+00
1.72500e+01	4.50000e+00	-2.58497e+00
1.72500e+01	5.00000e+00	-2.34415e+00
1.72500e+01	5.50000e+00	-1.98203e+00
1.72500e+01	6.00000e+00	-1.52290e+00
1.72500e+01	6.50000e+00	-1.00125e+00
1.72500e+01	7.00000e+00	-6.47885e-01
1.72500e+01	7.50000e+00	-4.33017e-01
1.72500e+01	8.00000e+00	-2.30553e-01
1.72500e+01	8.50000e+00	-8.60678e-02
1.72500e+01	9.00000e+00	-7.38040e-03
1.72500e+01	9.50000e+00	2.03565e-02
1.72500e+01	1.00000e+01	0.00000e+00

1.77500e+01	0.00000e+00	0.00000e+00
1.77500e+01	5.00000e-01	-5.80276e-01
1.77500e+01	1.00000e+00	-1.10101e+00
1.77500e+01	1.50000e+00	-1.57191e+00
1.77500e+01	2.00000e+00	-1.97804e+00
1.77500e+01	2.50000e+00	-2.30546e+00
1.77500e+01	3.00000e+00	-2.54130e+00
1.77500e+01	3.50000e+00	-2.67408e+00
1.77500e+01	4.00000e+00	-2.69430e+00
1.77500e+01	4.50000e+00	-2.59526e+00
1.77500e+01	5.00000e+00	-2.37451e+00
1.77500e+01	5.50000e+00	-2.03670e+00
1.77500e+01	6.00000e+00	-1.60106e+00
1.77500e+01	6.50000e+00	-1.09710e+00
1.77500e+01	7.00000e+00	-7.09903e-01
1.77500e+01	7.50000e+00	-4.84631e-01
1.77500e+01	8.00000e+00	-2.78318e-01
1.77500e+01	8.50000e+00	-1.26889e-01
1.77500e+01	9.00000e+00	-3.74210e-02
1.77500e+01	9.50000e+00	4.15528e-03
1.77500e+01	1.00000e+01	0.00000e+00

1.82500e+01	0.00000e+00	0.00000e+00
1.82500e+01	5.00000e-01	-5.63659e-01
1.82500e+01	1.00000e+00	-1.07585e+00
1.82500e+01	1.50000e+00	-1.54153e+00
1.82500e+01	2.00000e+00	-1.94473e+00
1.82500e+01	2.50000e+00	-2.27125e+00
1.82500e+01	3.00000e+00	-2.50854e+00
1.82500e+01	3.50000e+00	-2.64588e+00
1.82500e+01	4.00000e+00	-2.67459e+00
1.82500e+01	4.50000e+00	-2.58863e+00
1.82500e+01	5.00000e+00	-2.38571e+00
1.82500e+01	5.50000e+00	-2.06946e+00
1.82500e+01	6.00000e+00	-1.65494e+00
1.82500e+01	6.50000e+00	-1.17010e+00
1.82500e+01	7.00000e+00	-7.54437e-01
1.82500e+01	7.50000e+00	-5.19560e-01
1.82500e+01	8.00000e+00	-3.12691e-01
1.82500e+01	8.50000e+00	-1.57388e-01
1.82500e+01	9.00000e+00	-6.03814e-02
1.82500e+01	9.50000e+00	-8.41732e-03
1.82500e+01	1.00000e+01	0.00000e+00

1.87500e+01	0.00000e+00	0.00000e+00
1.87500e+01	5.00000e-01	-5.46365e-01
1.87500e+01	1.00000e+00	-1.04736e+00
1.87500e+01	1.50000e+00	-1.50505e+00
1.87500e+01	2.00000e+00	-1.90302e+00
1.87500e+01	2.50000e+00	-2.22695e+00
1.87500e+01	3.00000e+00	-2.46454e+00
1.87500e+01	3.50000e+00	-2.60547e+00
1.87500e+01	4.00000e+00	-2.64161e+00
1.87500e+01	4.50000e+00	-2.56729e+00
1.87500e+01	5.00000e+00	-2.38021e+00
1.87500e+01	5.50000e+00	-2.08306e+00
1.87500e+01	6.00000e+00	-1.68772e+00
1.87500e+01	6.50000e+00	-1.22165e+00
1.87500e+01	7.00000e+00	-7.84032e-01
1.87500e+01	7.50000e+00	-5.39440e-01
1.87500e+01	8.00000e+00	-3.34888e-01
1.87500e+01	8.50000e+00	-1.78492e-01
1.87500e+01	9.00000e+00	-7.68882e-02
1.87500e+01	9.50000e+00	-1.76805e-02
1.87500e+01	1.00000e+01	0.00000e+00

1.92500e+01	0.00000e+00	0.00000e+00
1.92500e+01	5.00000e-01	-5.28835e-01
1.92500e+01	1.00000e+00	-1.01689e+00
1.92500e+01	1.50000e+00	-1.46451e+00
1.92500e+01	2.00000e+00	-1.85531e+00
1.92500e+01	2.50000e+00	-2.17503e+00
1.92500e+01	3.00000e+00	-2.41156e+00
1.92500e+01	3.50000e+00	-2.55491e+00
1.92500e+01	4.00000e+00	-2.59724e+00
1.92500e+01	4.50000e+00	-2.53310e+00
1.92500e+01	5.00000e+00	-2.36004e+00
1.92500e+01	5.50000e+00	-2.07978e+00
1.92500e+01	6.00000e+00	-1.70197e+00
1.92500e+01	6.50000e+00	-1.25332e+00
1.92500e+01	7.00000e+00	-8.00856e-01
1.92500e+01	7.50000e+00	-5.45825e-01
1.92500e+01	8.00000e+00	-3.46010e-01
1.92500e+01	8.50000e+00	-1.91056e-01
1.92500e+01	9.00000e+00	-8.75243e-02
1.92500e+01	9.50000e+00	-2.39323e-02
1.92500e+01	1.00000e+01	0.00000e+00

1.97500e+01	0.00000e+00	0.00000e+00
1.97500e+01	5.00000e-01	-5.11214e-01
1.97500e+01	1.00000e+00	-9.85164e-01
1.97500e+01	1.50000e+00	-1.42119e+00
1.97500e+01	2.00000e+00	-1.80322e+00
1.97500e+01	2.50000e+00	-2.11723e+00
1.97500e+01	3.00000e+00	-2.35134e+00
1.97500e+01	3.50000e+00	-2.49582e+00
1.97500e+01	4.00000e+00	-2.54302e+00
1.97500e+01	4.50000e+00	-2.48758e+00
1.97500e+01	5.00000e+00	-2.32678e+00
1.97500e+01	5.50000e+00	-2.06148e+00
1.97500e+01	6.00000e+00	-1.69977e+00
1.97500e+01	6.50000e+00	-1.26686e+00
1.97500e+01	7.00000e+00	-8.06599e-01
1.97500e+01	7.50000e+00	-5.40208e-01
1.97500e+01	8.00000e+00	-3.47043e-01
1.97500e+01	8.50000e+00	-1.95850e-01
1.97500e+01	9.00000e+00	-9.28213e-02
1.97500e+01	9.50000e+00	-2.74460e-02
1.97500e+01	1.00000e+01	0.00000e+00

2.02500e+01	0.00000e+00	0.00000e+00
2.02500e+01	5.00000e-01	-4.93538e-01
2.02500e+01	1.00000e+00	-9.52555e-01
2.02500e+01	1.50000e+00	-1.37583e+00
2.02500e+01	2.00000e+00	-1.74778e+00
2.02500e+01	2.50000e+00	-2.05474e+00
2.02500e+01	3.00000e+00	-2.28513e+00
2.02500e+01	3.50000e+00	-2.42941e+00
2.02500e+01	4.00000e+00	-2.48011e+00
2.02500e+01	4.50000e+00	-2.43185e+00
2.02500e+01	5.00000e+00	-2.28161e+00
2.02500e+01	5.50000e+00	-2.02965e+00
2.02500e+01	6.00000e+00	-1.68285e+00
2.02500e+01	6.50000e+00	-1.26411e+00
2.02500e+01	7.00000e+00	-8.02453e-01
2.02500e+01	7.50000e+00	-5.24025e-01
2.02500e+01	8.00000e+00	-3.38866e-01
2.02500e+01	8.50000e+00	-1.93558e-01
2.02500e+01	9.00000e+00	-9.32552e-02
2.02500e+01	9.50000e+00	-2.84675e-02
2.02500e+01	1.00000e+01	0.00000e+00

2.07500e+01	0.00000e+00	0.00000e+00
2.07500e+01	5.00000e-01	-4.75800e-01
2.07500e+01	1.00000e+00	-9.19238e-01
2.07500e+01	1.50000e+00	-1.32884e+00
2.07500e+01	2.00000e+00	-1.68961e+00
2.07500e+01	2.50000e+00	-1.98832e+00
2.07500e+01	3.00000e+00	-2.21371e+00
2.07500e+01	3.50000e+00	-2.35651e+00
2.07500e+01	4.00000e+00	-2.40936e+00
2.07500e+01	4.50000e+00	-2.36683e+00
2.07500e+01	5.00000e+00	-2.22566e+00
2.07500e+01	5.50000e+00	-1.98560e+00
2.07500e+01	6.00000e+00	-1.65264e+00
2.07500e+01	6.50000e+00	-1.24687e+00
2.07500e+01	7.00000e+00	-7.89174e-01
2.07500e+01	7.50000e+00	-4.98646e-01
2.07500e+01	8.00000e+00	-3.22249e-01
2.07500e+01	8.50000e+00	-1.84772e-01
2.07500e+01	9.00000e+00	-8.92457e-02
2.07500e+01	9.50000e+00	-2.72151e-02
2.07500e+01	1.00000e+01	0.00000e+00

2.12500e+01	0.00000e+00	0.00000e+00
2.12500e+01	5.00000e-01	-4.57959e-01
2.12500e+01	1.00000e+00	-8.85247e-01
2.12500e+01	1.50000e+00	-1.28037e+00
2.12500e+01	2.00000e+00	-1.62895e+00
2.12500e+01	2.50000e+00	-1.91829e+00
2.12500e+01	3.00000e+00	-2.13750e+00
2.12500e+01	3.50000e+00	-2.27757e+00
2.12500e+01	4.00000e+00	-2.33125e+00
2.12500e+01	4.50000e+00	-2.29311e+00
2.12500e+01	5.00000e+00	-2.15967e+00
2.12500e+01	5.50000e+00	-1.93032e+00
2.12500e+01	6.00000e+00	-1.61030e+00
2.12500e+01	6.50000e+00	-1.21677e+00
2.12500e+01	7.00000e+00	-7.67186e-01
2.12500e+01	7.50000e+00	-4.65342e-01
2.12500e+01	8.00000e+00	-2.97876e-01
2.12500e+01	8.50000e+00	-1.70001e-01
2.12500e+01	9.00000e+00	-8.11564e-02
2.12500e+01	9.50000e+00	-2.38800e-02
2.12500e+01	1.00000e+01	0.00000e+00

2.17500e+01	0.00000e+00	0.00000e+00
2.17500e+01	5.00000e-01	-4.39943e-01
2.17500e+01	1.00000e+00	-8.50491e-01
2.17500e+01	1.50000e+00	-1.23032e+00
2.17500e+01	2.00000e+00	-1.56576e+00
2.17500e+01	2.50000e+00	-1.84465e+00
2.17500e+01	3.00000e+00	-2.05653e+00
2.17500e+01	3.50000e+00	-2.19266e+00
2.17500e+01	4.00000e+00	-2.24596e+00
2.17500e+01	4.50000e+00	-2.21099e+00
2.17500e+01	5.00000e+00	-2.08414e+00
2.17500e+01	5.50000e+00	-1.86453e+00
2.17500e+01	6.00000e+00	-1.55675e+00
2.17500e+01	6.50000e+00	-1.17516e+00
2.17500e+01	7.00000e+00	-7.36700e-01
2.17500e+01	7.50000e+00	-4.25244e-01
2.17500e+01	8.00000e+00	-2.66353e-01
2.17500e+01	8.50000e+00	-1.49676e-01
2.17500e+01	9.00000e+00	-6.93013e-02
2.17500e+01	9.50000e+00	-1.86297e-02
2.17500e+01	1.00000e+01	0.00000e+00

2.22500e+01	0.00000e+00	0.00000e+00
2.22500e+01	5.00000e-01	-4.21630e-01
2.22500e+01	1.00000e+00	-8.14748e-01
2.22500e+01	1.50000e+00	-1.17841e+00
2.22500e+01	2.00000e+00	-1.49968e+00
2.22500e+01	2.50000e+00	-1.76703e+00
2.22500e+01	3.00000e+00	-1.97045e+00
2.22500e+01	3.50000e+00	-2.10151e+00
2.22500e+01	4.00000e+00	-2.15330e+00
2.22500e+01	4.50000e+00	-2.12044e+00
2.22500e+01	5.00000e+00	-1.99926e+00
2.22500e+01	5.50000e+00	-1.78867e+00
2.22500e+01	6.00000e+00	-1.49261e+00
2.22500e+01	6.50000e+00	-1.12305e+00
2.22500e+01	7.00000e+00	-6.97823e-01
2.22500e+01	7.50000e+00	-3.79305e-01
2.22500e+01	8.00000e+00	-2.28243e-01
2.22500e+01	8.50000e+00	-1.24169e-01
2.22500e+01	9.00000e+00	-5.39545e-02
2.22500e+01	9.50000e+00	-1.16130e-02
2.22500e+01	1.00000e+01	0.00000e+00

2.27500e+01	0.00000e+00	0.00000e+00
2.27500e+01	5.00000e-01	-4.02842e-01
2.27500e+01	1.00000e+00	-7.77642e-01
2.27500e+01	1.50000e+00	-1.12408e+00
2.27500e+01	2.00000e+00	-1.43004e+00
2.27500e+01	2.50000e+00	-1.68468e+00
2.27500e+01	3.00000e+00	-1.87849e+00
2.27500e+01	3.50000e+00	-2.00340e+00
2.27500e+01	4.00000e+00	-2.05271e+00
2.27500e+01	4.50000e+00	-2.02110e+00
2.27500e+01	5.00000e+00	-1.90490e+00
2.27500e+01	5.50000e+00	-1.70285e+00
2.27500e+01	6.00000e+00	-1.41824e+00
2.27500e+01	6.50000e+00	-1.06113e+00
2.27500e+01	7.00000e+00	-6.50636e-01
2.27500e+01	7.50000e+00	-3.28286e-01
2.27500e+01	8.00000e+00	-1.84094e-01
2.27500e+01	8.50000e+00	-9.38217e-02
2.27500e+01	9.00000e+00	-3.53677e-02
2.27500e+01	9.50000e+00	-2.96883e-03
2.27500e+01	1.00000e+01	0.00000e+00

2.32500e+01	0.00000e+00	0.00000e+00
2.32500e+01	5.00000e-01	-3.83318e-01
2.32500e+01	1.00000e+00	-7.38595e-01
2.32500e+01	1.50000e+00	-1.06644e+00
2.32500e+01	2.00000e+00	-1.35572e+00
2.32500e+01	2.50000e+00	-1.59634e+00
2.32500e+01	3.00000e+00	-1.77938e+00
2.32500e+01	3.50000e+00	-1.89715e+00
2.32500e+01	4.00000e+00	-1.94316e+00
2.32500e+01	4.50000e+00	-1.91220e+00
2.32500e+01	5.00000e+00	-1.80056e+00
2.32500e+01	5.50000e+00	-1.60683e+00
2.32500e+01	6.00000e+00	-1.33373e+00
2.32500e+01	6.50000e+00	-9.89812e-01
2.32500e+01	7.00000e+00	-5.95254e-01
2.32500e+01	7.50000e+00	-2.72765e-01
2.32500e+01	8.00000e+00	-1.34486e-01
2.32500e+01	8.50000e+00	-5.89829e-02
2.32500e+01	9.00000e+00	-1.37965e-02
2.32500e+01	9.50000e+00	7.16053e-03
2.32500e+01	1.00000e+01	0.00000e+00

2.37500e+01	0.00000e+00	0.00000e+00
2.37500e+01	5.00000e-01	-3.62681e-01
2.37500e+01	1.00000e+00	-6.96757e-01
2.37500e+01	1.50000e+00	-1.00421e+00
2.37500e+01	2.00000e+00	-1.27508e+00
2.37500e+01	2.50000e+00	-1.50017e+00
2.37500e+01	3.00000e+00	-1.67122e+00
2.37500e+01	3.50000e+00	-1.78094e+00
2.37500e+01	4.00000e+00	-1.82307e+00
2.37500e+01	4.50000e+00	-1.79247e+00
2.37500e+01	5.00000e+00	-1.68538e+00
2.37500e+01	5.50000e+00	-1.50005e+00
2.37500e+01	6.00000e+00	-1.23893e+00
2.37500e+01	6.50000e+00	-9.09270e-01
2.37500e+01	7.00000e+00	-5.31858e-01
2.37500e+01	7.50000e+00	-2.13184e-01
2.37500e+01	8.00000e+00	-8.00826e-02
2.37500e+01	8.50000e+00	-2.00644e-02
2.37500e+01	9.00000e+00	1.04635e-02
2.37500e+01	9.50000e+00	1.86113e-02
2.37500e+01	1.00000e+01	0.00000e+00

2.42500e+01	0.00000e+00	0.00000e+00
2.42500e+01	5.00000e-01	-3.40381e-01
2.42500e+01	1.00000e+00	-6.50883e-01
2.42500e+01	1.50000e+00	-9.35493e-01
2.42500e+01	2.00000e+00	-1.18572e+00
2.42500e+01	2.50000e+00	-1.39350e+00
2.42500e+01	3.00000e+00	-1.55128e+00
2.42500e+01	3.50000e+00	-1.65218e+00
2.42500e+01	4.00000e+00	-1.69012e+00
2.42500e+01	4.50000e+00	-1.65998e+00
2.42500e+01	5.00000e+00	-1.55787e+00
2.42500e+01	5.50000e+00	-1.38171e+00
2.42500e+01	6.00000e+00	-1.13350e+00
2.42500e+01	6.50000e+00	-8.19549e-01
2.42500e+01	7.00000e+00	-4.60723e-01
2.42500e+01	7.50000e+00	-1.49933e-01
2.42500e+01	8.00000e+00	-2.16934e-02
2.42500e+01	8.50000e+00	2.23893e-02
2.42500e+01	9.00000e+00	3.70265e-02
2.42500e+01	9.50000e+00	3.11721e-02
2.42500e+01	1.00000e+01	0.00000e+00

2.47500e+01	0.00000e+00	0.00000e+00
2.47500e+01	5.00000e-01	-3.15602e-01
2.47500e+01	1.00000e+00	-5.99162e-01
2.47500e+01	1.50000e+00	-8.57562e-01
2.47500e+01	2.00000e+00	-1.08427e+00
2.47500e+01	2.50000e+00	-1.27258e+00
2.47500e+01	3.00000e+00	-1.41575e+00
2.47500e+01	3.50000e+00	-1.50728e+00
2.47500e+01	4.00000e+00	-1.54116e+00
2.47500e+01	4.50000e+00	-1.51213e+00
2.47500e+01	5.00000e+00	-1.41604e+00
2.47500e+01	5.50000e+00	-1.25059e+00
2.47500e+01	6.00000e+00	-1.01687e+00
2.47500e+01	6.50000e+00	-7.20617e-01
2.47500e+01	7.00000e+00	-3.82264e-01
2.47500e+01	7.50000e+00	-8.34718e-02
2.47500e+01	8.00000e+00	3.96378e-02
2.47500e+01	8.50000e+00	6.76044e-02
2.47500e+01	9.00000e+00	6.53467e-02
2.47500e+01	9.50000e+00	4.45482e-02
2.47500e+01	1.00000e+01	0.00000e+00

2.52500e+01	0.00000e+00	0.00000e+00
2.52500e+01	5.00000e-01	-2.87094e-01
2.52500e+01	1.00000e+00	-5.38939e-01
2.52500e+01	1.50000e+00	-7.66555e-01
2.52500e+01	2.00000e+00	-9.66024e-01
2.52500e+01	2.50000e+00	-1.13232e+00
2.52500e+01	3.00000e+00	-1.25955e+00
2.52500e+01	3.50000e+00	-1.34150e+00
2.52500e+01	4.00000e+00	-1.37204e+00
2.52500e+01	4.50000e+00	-1.34558e+00
2.52500e+01	5.00000e+00	-1.25751e+00
2.52500e+01	5.50000e+00	-1.10501e+00
2.52500e+01	6.00000e+00	-8.88281e-01
2.52500e+01	6.50000e+00	-6.12453e-01
2.52500e+01	7.00000e+00	-2.97102e-01
2.52500e+01	7.50000e+00	-1.44967e-02
2.52500e+01	8.00000e+00	1.02516e-01
2.52500e+01	8.50000e+00	1.14449e-01
2.52500e+01	9.00000e+00	9.46225e-02
2.52500e+01	9.50000e+00	5.83112e-02
2.52500e+01	1.00000e+01	0.00000e+00

2.57500e+01	0.00000e+00	0.00000e+00
2.57500e+01	5.00000e-01	-2.52849e-01
2.57500e+01	1.00000e+00	-4.66304e-01
2.57500e+01	1.50000e+00	-6.57076e-01
2.57500e+01	2.00000e+00	-8.24689e-01
2.57500e+01	2.50000e+00	-9.66048e-01
2.57500e+01	3.00000e+00	-1.07612e+00
2.57500e+01	3.50000e+00	-1.14879e+00
2.57500e+01	4.00000e+00	-1.17754e+00
2.57500e+01	4.50000e+00	-1.15613e+00
2.57500e+01	5.00000e+00	-1.07919e+00
2.57500e+01	5.50000e+00	-9.43046e-01
2.57500e+01	6.00000e+00	-7.46911e-01
2.57500e+01	6.50000e+00	-4.95184e-01
2.57500e+01	7.00000e+00	-2.06198e-01
2.57500e+01	7.50000e+00	5.58463e-02
2.57500e+01	8.00000e+00	1.65027e-01
2.57500e+01	8.50000e+00	1.61254e-01
2.57500e+01	9.00000e+00	1.23663e-01
2.57500e+01	9.50000e+00	7.18291e-02
2.57500e+01	1.00000e+01	0.00000e+00

2.62500e+01	0.00000e+00	0.00000e+00
2.62500e+01	5.00000e-01	-2.09523e-01
2.62500e+01	1.00000e+00	-3.75524e-01
2.62500e+01	1.50000e+00	-5.21861e-01
2.62500e+01	2.00000e+00	-6.52257e-01
2.62500e+01	2.50000e+00	-7.65596e-01
2.62500e+01	3.00000e+00	-8.57540e-01
2.62500e+01	3.50000e+00	-9.21840e-01
2.62500e+01	4.00000e+00	-9.51322e-01
2.62500e+01	4.50000e+00	-9.38716e-01
2.62500e+01	5.00000e+00	-8.77435e-01
2.62500e+01	5.50000e+00	-7.62534e-01
2.62500e+01	6.00000e+00	-5.91971e-01
2.62500e+01	6.50000e+00	-3.69240e-01
2.62500e+01	7.00000e+00	-1.11039e-01
2.62500e+01	7.50000e+00	1.25689e-01
2.62500e+01	8.00000e+00	2.24493e-01
2.62500e+01	8.50000e+00	2.05573e-01
2.62500e+01	9.00000e+00	1.50701e-01
2.62500e+01	9.50000e+00	8.41687e-02
2.62500e+01	1.00000e+01	0.00000e+00

2.67500e+01	0.00000e+00	0.00000e+00
2.67500e+01	5.00000e-01	-1.51480e-01
2.67500e+01	1.00000e+00	-2.58483e-01
2.67500e+01	1.50000e+00	-3.51906e-01
2.67500e+01	2.00000e+00	-4.39669e-01
2.67500e+01	2.50000e+00	-5.22127e-01
2.67500e+01	3.00000e+00	-5.95332e-01
2.67500e+01	3.50000e+00	-6.52766e-01
2.67500e+01	4.00000e+00	-6.86398e-01
2.67500e+01	4.50000e+00	-6.87601e-01
2.67500e+01	5.00000e+00	-6.48109e-01
2.67500e+01	5.50000e+00	-5.61147e-01
2.67500e+01	6.00000e+00	-4.22824e-01
2.67500e+01	6.50000e+00	-2.35529e-01
2.67500e+01	7.00000e+00	-1.38863e-02
2.67500e+01	7.50000e+00	1.92092e-01
2.67500e+01	8.00000e+00	2.77126e-01
2.67500e+01	8.50000e+00	2.43841e-01
2.67500e+01	9.00000e+00	1.73136e-01
2.67500e+01	9.50000e+00	9.39583e-02
2.67500e+01	1.00000e+01	0.00000e+00

2.72500e+01	0.00000e+00	0.00000e+00
2.72500e+01	5.00000e-01	-6.97416e-02
2.72500e+01	1.00000e+00	-1.04980e-01
2.72500e+01	1.50000e+00	-1.38241e-01
2.72500e+01	2.00000e+00	-1.79363e-01
2.72500e+01	2.50000e+00	-2.28830e-01
2.72500e+01	3.00000e+00	-2.82874e-01
2.72500e+01	3.50000e+00	-3.34955e-01
2.72500e+01	4.00000e+00	-3.76397e-01
2.72500e+01	4.50000e+00	-3.97163e-01
2.72500e+01	5.00000e+00	-3.86944e-01
2.72500e+01	5.50000e+00	-3.36488e-01
2.72500e+01	6.00000e+00	-2.39072e-01
2.72500e+01	6.50000e+00	-9.56195e-02
2.72500e+01	7.00000e+00	8.19073e-02
2.72500e+01	7.50000e+00	2.50583e-01
2.72500e+01	8.00000e+00	3.17518e-01
2.72500e+01	8.50000e+00	2.70892e-01
2.72500e+01	9.00000e+00	1.87169e-01
2.72500e+01	9.50000e+00	9.91988e-02
2.72500e+01	1.00000e+01	0.00000e+00

2.77500e+01	0.00000e+00	0.00000e+00
2.77500e+01	5.00000e-01	4.75436e-02
2.77500e+01	1.00000e+00	9.34085e-02
2.77500e+01	1.50000e+00	1.21796e-01
2.77500e+01	2.00000e+00	1.27805e-01
2.77500e+01	2.50000e+00	1.12593e-01
2.77500e+01	3.00000e+00	7.90194e-02
2.77500e+01	3.50000e+00	3.24054e-02
2.77500e+01	4.00000e+00	-1.89073e-02
2.77500e+01	4.50000e+00	-6.40003e-02
2.77500e+01	5.00000e+00	-9.04774e-02
2.77500e+01	5.50000e+00	-8.59172e-02
2.77500e+01	6.00000e+00	-4.05475e-02
2.77500e+01	6.50000e+00	4.81032e-02
2.77500e+01	7.00000e+00	1.71512e-01
2.77500e+01	7.50000e+00	2.94523e-01
2.77500e+01	8.00000e+00	3.37871e-01
2.77500e+01	8.50000e+00	2.79257e-01
2.77500e+01	9.00000e+00	1.87296e-01
2.77500e+01	9.50000e+00	9.70088e-02
2.77500e+01	1.00000e+01	0.00000e+00

2.82500e+01	0.00000e+00	0.00000e+00
2.82500e+01	5.00000e-01	2.07643e-01
2.82500e+01	1.00000e+00	3.29112e-01
2.82500e+01	1.50000e+00	4.07874e-01
2.82500e+01	2.00000e+00	4.56364e-01
2.82500e+01	2.50000e+00	4.77143e-01
2.82500e+01	3.00000e+00	4.69041e-01
2.82500e+01	3.50000e+00	4.33362e-01
2.82500e+01	4.00000e+00	3.75969e-01
2.82500e+01	4.50000e+00	3.06980e-01
2.82500e+01	5.00000e+00	2.39685e-01
2.82500e+01	5.50000e+00	1.89466e-01
2.82500e+01	6.00000e+00	1.71330e-01
2.82500e+01	6.50000e+00	1.92056e-01
2.82500e+01	7.00000e+00	2.48151e-01
2.82500e+01	7.50000e+00	3.14191e-01
2.82500e+01	8.00000e+00	3.26776e-01
2.82500e+01	8.50000e+00	2.58108e-01
2.82500e+01	9.00000e+00	1.65652e-01
2.82500e+01	9.50000e+00	8.33049e-02
2.82500e+01	1.00000e+01	0.00000e+00

2.87500e+01	0.00000e+00	0.00000e+00
2.87500e+01	5.00000e-01	3.85242e-01
2.87500e+01	1.00000e+00	5.41389e-01
2.87500e+01	1.50000e+00	6.40475e-01
2.87500e+01	2.00000e+00	7.21696e-01
2.87500e+01	2.50000e+00	7.82119e-01
2.87500e+01	3.00000e+00	8.11270e-01
2.87500e+01	3.50000e+00	8.03325e-01
2.87500e+01	4.00000e+00	7.58848e-01
2.87500e+01	4.50000e+00	6.83470e-01
2.87500e+01	5.00000e+00	5.86690e-01
2.87500e+01	5.50000e+00	4.82579e-01
2.87500e+01	6.00000e+00	3.92529e-01
2.87500e+01	6.50000e+00	3.30973e-01
2.87500e+01	7.00000e+00	3.02461e-01
2.87500e+01	7.50000e+00	2.95339e-01
2.87500e+01	8.00000e+00	2.67144e-01
2.87500e+01	8.50000e+00	1.91715e-01
2.87500e+01	9.00000e+00	1.11349e-01
2.87500e+01	9.50000e+00	5.24999e-02
2.87500e+01	1.00000e+01	0.00000e+00

2.92500e+01	0.00000e+00	0.00000e+00
2.92500e+01	5.00000e-01	4.49196e-01
2.92500e+01	1.00000e+00	5.47215e-01
2.92500e+01	1.50000e+00	6.22263e-01
2.92500e+01	2.00000e+00	7.14394e-01
2.92500e+01	2.50000e+00	8.04639e-01
2.92500e+01	3.00000e+00	8.74984e-01
2.92500e+01	3.50000e+00	9.16084e-01
2.92500e+01	4.00000e+00	9.24917e-01
2.92500e+01	4.50000e+00	9.01331e-01
2.92500e+01	5.00000e+00	8.44797e-01
2.92500e+01	5.50000e+00	7.50722e-01
2.92500e+01	6.00000e+00	6.10126e-01
2.92500e+01	6.50000e+00	4.57561e-01
2.92500e+01	7.00000e+00	3.22489e-01
2.92500e+01	7.50000e+00	2.17133e-01
2.92500e+01	8.00000e+00	1.32371e-01
2.92500e+01	8.50000e+00	5.73315e-02
2.92500e+01	9.00000e+00	1.05949e-02
2.92500e+01	9.50000e+00	-2.63839e-03
2.92500e+01	1.00000e+01	0.00000e+00

2.97500e+01	0.00000e+00	0.00000e+00
2.97500e+01	5.00000e-01	1.29358e-10
2.97500e+01	1.00000e+00	2.53124e-10
2.97500e+01	1.50000e+00	2.79559e-10
2.97500e+01	2.00000e+00	2.91179e-10
2.97500e+01	2.50000e+00	3.09884e-10
2.97500e+01	3.00000e+00	3.36968e-10
2.97500e+01	3.50000e+00	3.66537e-10
2.97500e+01	4.00000e+00	3.96730e-10
2.97500e+01	4.50000e+00	4.37374e-10
2.97500e+01	5.00000e+00	5.20301e-10
2.97500e+01	5.50000e+00	7.18596e-10
2.97500e+01	6.00000e+00	1.32112e-09
2.97500e+01	6.50000e+00	1.66171e-09
2.97500e+01	7.00000e+00	1.86371e-09
2.97500e+01	7.50000e+00	1.73935e-09
2.97500e+01	8.00000e+00	9.74608e-10
2.97500e+01	8.50000e+00	2.12697e-11
2.97500e+01	9.00000e+00	-3.41113e-10
2.97500e+01	9.50000e+00	-2.46508e-10
2.97500e+01	1.00000e+01	0.00000e+00

3.00000e+01	0.00000e+00	0.00000e+00
3.00000e+01	5.00000e-01	1.29358e-10
3.00000e+01	1.00000e+00	2.53124e-10
3.00000e+01	1.50000e+00	2.79559e-10
3.00000e+01	2.00000e+00	2.91179e-10
3.00000e+01	2.50000e+00	3.09884e-10
3.00000e+01	3.00000e+00	3.36968e-10
3.00000e+01	3.50000e+00	3.66537e-10
3.00000e+01	4.00000e+00	3.96730e-10
3.00000e+01	4.50000e+00	4.37374e-10
3.00000e+01	5.00000e+00	5.20301e-10
3.00000e+01	5.50000e+00	7.18596e-10
3.00000e+01	6.00000e+00	1.32112e-09
3.00000e+01	6.50000e+00	1.66171e-09
3.00000e+01	7.00000e+00	1.86371e-09
3.00000e+01	7.50000e+00	1.73935e-09
3.00000e+01	8.00000e+00	9.74608e-10
3.00000e+01	8.50000e+00	2.12697e-11
3.00000e+01	9.00000e+00	-3.41113e-10
3.00000e+01	9.50000e+00	-2.46508e-10
3.00000e+01	1.00000e+01	0.00000e+00

